# bench-hashes samples v4
# power: not measured by this diagnostic caller
# load: quiet: other programs kept 0.14 CPUs busy on average, 0.15 in the busiest window
# load windows (start ms-end ms:other milli-CPUs:steal milli-CPUs): 0-1003:136:0,1003-2059:145:0
# rounds: 128
# contenders: --contenders sha256,blake3-servil-st
# work control version: 2
# logical requests per block: 100
# subject extra per100: 0
# control extra per100: 0
# thread cycles: unavailable on Linux; empty trace fields
contender	scenario	use_case	point	unit	ns/units	start ms
sha256	solo	PositiveWorkControl	64 B	call	1986713/32500,1983586/32500,1991524/32500,1983547/32500,1983682/32500,2043221/32500,1967862/32500,1960762/32500,1961540/32500,1962078/32500,1966853/32500,1960465/32500,1970703/32500,1997784/32500,1998946/32500,1999287/32500,2000494/32500,1997993/32500,1999610/32500,1983124/32500,1981793/32500,1961944/32500,1961103/32500,1961799/32500,1982970/32500,1966080/32500,1974849/32500,1984838/32500,1960531/32500,1963277/32500,1960668/32500,1956452/32500,1956525/32500,1960980/32500,1958916/32500,1959690/32500,1957868/32500,1956433/32500,1956373/32500,1956450/32500,1956264/32500,1956694/32500,1958759/32500,1956704/32500,1963728/32500,1958543/32500,1956934/32500,1956659/32500,1956432/32500,1956818/32500,1957018/32500,1959172/32500,1961013/32500,1970799/32500,1997100/32500,1999969/32500,1999516/32500,2000087/32500,1983273/32500,1980526/32500,1968920/32500,1984439/32500,1957459/32500,1959660/32500,1956838/32500,1958680/32500,1962682/32500,1956482/32500,1967920/32500,1989492/32500,1967183/32500,1963014/32500,1956495/32500,1956825/32500,1956339/32500,1956140/32500,1958341/32500,1956567/32500,1963078/32500,1956929/32500,1959519/32500,1956345/32500,1956477/32500,1955498/32500,1955891/32500,1957448/32500,1959459/32500,1955697/32500,1959593/32500,1956036/32500,1955576/32500,1956685/32500,1957095/32500,1958138/32500,1975506/32500,2000065/32500,1996785/32500,1999321/32500,2001723/32500,1984641/32500,1961831/32500,1974222/32500,1962318/32500,1969947/32500,1960522/32500,1963892/32500,1960159/32500,1963889/32500,1968647/32500,1970545/32500,1961529/32500,1959571/32500,1958755/32500,1956439/32500,1956118/32500,1956262/32500,1956564/32500,1956570/32500,1958696/32500,1958495/32500,1960957/32500,1954967/32500,1956566/32500,1956695/32500,1956335/32500,1956722/32500,1956698/32500,1958980/32500	0,2,4,6,7,9,12,13,15,17,19,21,23,25,27,29,31,33,35,37,39,41,43,45,47,49,51,53,55,57,59,61,63,65,67,69,71,73,75,77,79,80,82,84,86,88,90,92,94,96,98,100,102,104,106,108,110,112,114,116,118,120,122,124,126,128,130,132,134,136,138,140,142,143,145,147,149,151,153,155,157,159,161,163,165,167,169,171,173,175,177,179,181,183,185,187,189,191,193,195,197,199,200,202,204,206,208,210,212,214,216,218,220,222,224,226,228,230,232,234,236,238,240,242,244,246,248,249
sha256	solo	PositiveWorkControl	2048 B	call	2011746/2300,2009001/2300,2010327/2300,2008588/2300,2008517/2300,2017903/2300,2051162/2300,2049257/2300,2054879/2300,2052396/2300,2057343/2300,2030091/2300,2013060/2300,2019585/2300,2008486/2300,2010614/2300,2021261/2300,2012707/2300,2012807/2300,2012372/2300,2012959/2300,2015130/2300,2026763/2300,2012566/2300,2008149/2300,2011281/2300,2011024/2300,2008399/2300,2008109/2300,2013242/2300,2014402/2300,2010466/2300,2008284/2300,2012451/2300,2011375/2300,2008684/2300,2008490/2300,2008854/2300,2008533/2300,2008405/2300,2010862/2300,2008439/2300,2008487/2300,2008504/2300,2008480/2300,2015965/2300,2041601/2300,2050224/2300,2052426/2300,2051290/2300,2036785/2300,2034070/2300,2019929/2300,2021693/2300,2008871/2300,2008334/2300,2010565/2300,2021496/2300,2015961/2300,2012598/2300,2015588/2300,2012542/2300,2013080/2300,2029786/2300,2014312/2300,2011868/2300,2008464/2300,2025465/2300,2008271/2300,2009103/2300,2009913/2300,2008307/2300,2008289/2300,2010469/2300,2008328/2300,2008390/2300,2010784/2300,2008398/2300,2021020/2300,2012321/2300,2013020/2300,2015233/2300,2012454/2300,2010380/2300,2008327/2300,2016362/2300,2050037/2300,2049507/2300,2052385/2300,2050159/2300,2055248/2300,2028103/2300,2020380/2300,2015909/2300,2009080/2300,2008465/2300,2008307/2300,2018970/2300,2008429/2300,2047210/2300,2020035/2300,2016195/2300,2012238/2300,2012937/2300,2029933/2300,2012414/2300,2010913/2300,2008497/2300,2008335/2300,2009060/2300,2010674/2300,2008393/2300,2008257/2300,2008186/2300,2010763/2300,2008775/2300,2008432/2300,2008402/2300,2008511/2300,2008470/2300,2008478/2300,2008219/2300,2010387/2300,2008360/2300,2013048/2300,2024361/2300,2050673/2300,2050692/2300	253,255,258,260,262,264,266,268,270,272,274,276,278,280,282,284,286,288,290,292,294,296,298,300,302,304,306,308,310,312,314,316,318,320,322,324,326,328,330,332,334,336,338,340,342,344,346,348,350,352,354,356,359,361,363,365,367,369,371,373,375,377,379,381,383,385,387,389,391,393,395,397,399,401,403,405,407,409,411,413,415,417,419,421,423,425,427,429,431,433,435,437,439,441,443,445,447,449,451,453,455,457,459,461,463,465,467,470,472,474,476,478,480,482,484,486,488,490,492,494,496,498,500,502,504,506,508,510
sha256	solo	PositiveWorkControl	102400 B	call	4253578/100,4228113/100,4209005/100,4223730/100,4202071/100,4201595/100,4198915/100,4202761/100,4211426/100,4205381/100,4203589/100,4198863/100,4200045/100,4197945/100,4199226/100,4197967/100,4205771/100,4307395/100,4288287/100,4235634/100,4246096/100,4211467/100,4209720/100,4207432/100,4200404/100,4201071/100,4197946/100,4220208/100,4214530/100,4208203/100,4204196/100,4204620/100,4200061/100,4200429/100,4198885/100,4215520/100,4285146/100,4287460/100,4254483/100,4216784/100,4210489/100,4201421/100,4208270/100,4202884/100,4209853/100,4201116/100,4200971/100,4202361/100,4199064/100,4197901/100,4197901/100,4200174/100,4197985/100,4201738/100,4202002/100,4271223/100,4288508/100,4253994/100,4218278/100,4200575/100,4209692/100,4202074/100,4202499/100,4201069/100,4197993/100,4197910/100,4200148/100,4201092/100,4197852/100,4200380/100,4200954/100,4200036/100,4203627/100,4208705/100,4284247/100,4294490/100,4263709/100,4247016/100,4243561/100,4200507/100,4283891/100,4235343/100,4202874/100,4241277/100,4250562/100,4203306/100,4201719/100,4200748/100,4202025/100,4260409/100,4202494/100,4207551/100,4364877/100,4325939/100,4297786/100,4296289/100,4277651/100,4201568/100,4198676/100,4225102/100,4286679/100,4284106/100,4284302/100,4287084/100,4286194/100,4288354/100,4284220/100,4288287/100,4284219/100,4284201/100,4284254/100,4288539/100,4290167/100,4297238/100,4241711/100,4233505/100,4209801/100,4584556/100,4200692/100,4200293/100,4265902/100,4197940/100,4201600/100,4200263/100,4197876/100,4198023/100,4203465/100,4201255/100	516,521,525,529,533,537,542,546,550,554,558,563,567,571,575,579,584,588,592,596,601,605,609,613,618,622,626,630,634,639,643,647,651,655,660,664,668,672,677,681,685,689,693,698,702,706,710,714,719,723,727,731,735,740,744,748,752,757,761,765,769,773,778,782,786,790,794,799,803,807,811,815,820,824,828,832,837,841,845,849,854,858,862,866,871,875,879,883,887,892,896,900,904,909,913,917,922,926,930,934,939,943,947,951,956,960,964,969,973,977,981,986,990,994,999,1003,1007,1011,1016,1020,1024,1029,1033,1037,1041,1045,1050,1054
blake3-servil-st	solo	PositiveWorkControl	64 B	call	1992182/46800,1989091/46800,1987010/46800,1996202/46800,2029375/46800,2031801/46800,2030577/46800,2028104/46800,2043755/46800,2026956/46800,2005290/46800,1995775/46800,2013286/46800,2002937/46800,2008195/46800,1989985/46800,1993990/46800,1987202/46800,1996588/46800,1992138/46800,1993617/46800,1992651/46800,1994528/46800,1988249/46800,1989166/46800,1986941/46800,1992151/46800,1986299/46800,1989285/46800,1990625/46800,1988065/46800,1987873/46800,1985710/46800,1985054/46800,1987799/46800,1985925/46800,1987612/46800,1989440/46800,1988544/46800,1987236/46800,1987899/46800,1989258/46800,1987286/46800,1994869/46800,2015399/46800,2029489/46800,2042917/46800,2032371/46800,2033285/46800,2028509/46800,2000780/46800,1995603/46800,1987824/46800,1987158/46800,1988206/46800,2011125/46800,1997110/46800,1997235/46800,1992082/46800,1991562/46800,1998569/46800,2004468/46800,1999121/46800,1992060/46800,1987961/46800,1992122/46800,1990612/46800,1991968/46800,1988297/46800,1988649/46800,1989583/46800,1987479/46800,2003401/46800,2031275/46800,2018127/46800,2012377/46800,2018031/46800,1986440/46800,1988164/46800,1990642/46800,1990722/46800,1987507/46800,1986482/46800,1988193/46800,2010958/46800,2027037/46800,2030482/46800,2029322/46800,2051584/46800,2029811/46800,2001962/46800,1996130/46800,1991364/46800,1989055/46800,1988319/46800,1992899/46800,1986888/46800,2006453/46800,1993651/46800,1997167/46800,1991874/46800,1991848/46800,2006699/46800,1991683/46800,1990775/46800,1992200/46800,1986406/46800,1986922/46800,1988924/46800,1986171/46800,1988540/46800,1986582/46800,1989587/46800,1989200/46800,1986892/46800,1989134/46800,1991607/46800,1987126/46800,1985244/46800,1984615/46800,1985400/46800,1990204/46800,1986825/46800,1995852/46800,2020998/46800,2030797/46800,2031362/46800,2036160/46800	1060,1062,1064,1066,1068,1070,1072,1074,1076,1078,1080,1082,1084,1086,1088,1090,1092,1094,1096,1098,1100,1102,1104,1106,1108,1110,1112,1114,1116,1118,1120,1122,1124,1126,1128,1130,1132,1134,1136,1138,1140,1142,1144,1146,1148,1150,1152,1154,1156,1158,1160,1162,1164,1166,1168,1170,1172,1174,1176,1178,1180,1182,1184,1186,1188,1190,1192,1194,1196,1198,1200,1202,1204,1206,1208,1210,1212,1214,1216,1218,1220,1222,1224,1226,1228,1230,1232,1234,1236,1238,1240,1242,1244,1246,1248,1250,1252,1254,1256,1258,1260,1262,1264,1266,1268,1270,1272,1274,1276,1278,1280,1282,1284,1286,1288,1290,1292,1294,1296,1298,1300,1302,1304,1306,1308,1310,1312,1314
blake3-servil-st	solo	PositiveWorkControl	2048 B	call	2068345/2700,2060530/2700,2067229/2700,2047741/2700,2044580/2700,2044648/2700,2044543/2700,2014746/2700,2019797/2700,2006495/2700,2009773/2700,2007027/2700,2008188/2700,2004923/2700,2003057/2700,2005256/2700,2010072/2700,2005935/2700,2005090/2700,2002716/2700,2006808/2700,2001579/2700,2000753/2700,2000239/2700,2000322/2700,2004760/2700,2001755/2700,2002664/2700,2002969/2700,2003538/2700,2005291/2700,2002896/2700,2003577/2700,2004431/2700,2003101/2700,2026415/2700,2052899/2700,2047670/2700,2045106/2700,2051513/2700,2059770/2700,2017575/2700,2022035/2700,2037932/2700,2007125/2700,2015157/2700,2009412/2700,2011329/2700,2015981/2700,2008433/2700,2004772/2700,2009923/2700,2003907/2700,2002425/2700,2005574/2700,2003060/2700,2004522/2700,2004370/2700,2008750/2700,2004576/2700,2005009/2700,2006693/2700,2005765/2700,2003871/2700,2005579/2700,2003799/2700,2009461/2700,2003211/2700,2001317/2700,2003093/2700,2004605/2700,2002712/2700,2002134/2700,2002535/2700,2025627/2700,2042501/2700,2042765/2700,2043710/2700,2043942/2700,2051484/2700,2056931/2700,2045375/2700,2011341/2700,2001685/2700,2015979/2700,2006422/2700,2006457/2700,2007304/2700,2006365/2700,2021565/2700,2009014/2700,2014476/2700,2010178/2700,2003326/2700,2001034/2700,2005783/2700,2030495/2700,2049807/2700,2009109/2700,2006677/2700,2006433/2700,2010669/2700,2006065/2700,2006506/2700,2001416/2700,2005944/2700,2011600/2700,2007281/2700,2010429/2700,2002380/2700,2000804/2700,2001535/2700,2001210/2700,2005626/2700,2011197/2700,2046602/2700,2047506/2700,2045712/2700,2045397/2700,2052341/2700,2031183/2700,2019332/2700,2005290/2700,2005243/2700,2009570/2700,2028078/2700,2029582/2700,2008378/2700	1318,1320,1322,1324,1326,1328,1330,1332,1334,1336,1339,1341,1343,1345,1347,1349,1351,1353,1355,1357,1359,1361,1363,1365,1367,1369,1371,1373,1375,1377,1379,1381,1383,1385,1387,1389,1391,1393,1395,1397,1399,1401,1403,1405,1407,1409,1411,1413,1415,1417,1419,1421,1423,1425,1427,1429,1431,1433,1435,1437,1439,1441,1443,1445,1447,1449,1451,1453,1455,1457,1459,1461,1463,1465,1467,1469,1471,1473,1475,1477,1479,1481,1484,1486,1488,1490,1492,1494,1496,1498,1500,1502,1504,1506,1508,1510,1512,1514,1516,1518,1520,1522,1524,1526,1528,1530,1532,1534,1536,1538,1540,1542,1544,1546,1548,1550,1552,1554,1556,1558,1560,1562,1564,1566,1568,1570,1572,1574
blake3-servil-st	solo	PositiveWorkControl	102400 B	call	3723262/200,3716728/200,3699325/200,3700475/200,3701574/200,3704716/200,3700109/200,3698838/200,3702656/200,3705495/200,3701805/200,3700083/200,3698622/200,3746441/200,3781928/200,3787892/200,3802997/200,3782822/200,3777570/200,3777470/200,3780508/200,3773825/200,4166722/200,3773723/200,3774080/200,3774274/200,3773372/200,3774023/200,3773998/200,3772464/200,3773426/200,3774760/200,3773643/200,3772655/200,3778185/200,3791658/200,3781960/200,3769969/200,3710621/200,3710411/200,3724431/200,3703683/200,3702284/200,3698315/200,3702437/200,3702956/200,3699268/200,3699366/200,3702707/200,3700416/200,3701629/200,3700323/200,3697790/200,3699810/200,3702386/200,3700367/200,3759780/200,3778444/200,3788722/200,3737901/200,3732332/200,3748400/200,3704795/200,3700067/200,3703828/200,3700241/200,3697671/200,3737061/200,3776577/200,3777463/200,3770782/200,3710018/200,3709034/200,3747598/200,3709203/200,3705104/200,3701297/200,3729175/200,3774699/200,3776930/200,3759897/200,3719752/200,3710732/200,3701882/200,3702542/200,3712668/200,3727915/200,3891317/200,3789489/200,3774580/200,3772958/200,3738983/200,3698243/200,3697532/200,3698418/200,3720078/200,3772547/200,3771851/200,3782196/200,3785964/200,3780679/200,3800065/200,3787390/200,3772948/200,3782735/200,3772591/200,3772433/200,3775327/200,3778755/200,3771630/200,3770976/200,3754698/200,3699052/200,3731593/200,3698355/200,3736190/200,3701555/200,3702877/200,3695848/200,3698054/200,3772130/200,3777460/200,3783535/200,3738702/200,3700881/200,3788415/200,3717753/200,3727303/200	1580,1584,1587,1591,1595,1599,1602,1606,1610,1613,1617,1621,1624,1628,1632,1636,1639,1643,1647,1651,1655,1658,1662,1666,1670,1674,1678,1681,1685,1689,1693,1697,1700,1704,1708,1712,1715,1719,1723,1727,1730,1734,1738,1742,1745,1749,1753,1756,1760,1764,1767,1771,1775,1779,1782,1786,1790,1793,1797,1801,1805,1808,1812,1816,1820,1823,1827,1831,1834,1838,1842,1846,1849,1853,1857,1861,1864,1868,1872,1876,1879,1883,1887,1891,1894,1898,1902,1905,1909,1913,1917,1921,1924,1928,1932,1935,1939,1943,1947,1950,1954,1958,1962,1966,1969,1973,1977,1981,1984,1988,1992,1996,2000,2003,2007,2011,2014,2018,2022,2026,2029,2033,2037,2041,2044,2048,2052,2056

