contender,length,sample,blocks,calls,hashes_per_block,completed_hashes,wall_ns,p_cycles,p_instructions,p_time_ns,e_cycles,e_instructions,e_time_ns
sha256,64,0,313,31300,100,31300,1999413,,,,,,
sha256,64,1,313,31300,100,31300,2066409,,,,,,
sha256,64,2,313,31300,100,31300,1968359,,,,,,
sha256,64,3,313,31300,100,31300,1956013,,,,,,
sha256,64,4,313,31300,100,31300,1991150,,,,,,
sha256,64,5,313,31300,100,31300,1958430,,,,,,
sha256,64,6,313,31300,100,31300,1956001,,,,,,
sha256,64,7,313,31300,100,31300,1947215,,,,,,
sha256,64,8,313,31300,100,31300,1946583,,,,,,
sha256,64,9,313,31300,100,31300,1947641,,,,,,
sha256,64,10,313,31300,100,31300,1952662,,,,,,
sha256,64,11,313,31300,100,31300,1952136,,,,,,
sha256,64,12,313,31300,100,31300,1953043,,,,,,
sha256,64,13,313,31300,100,31300,1963843,,,,,,
sha256,64,14,313,31300,100,31300,1982081,,,,,,
sha256,64,15,313,31300,100,31300,1955886,,,,,,
sha256,64,16,313,31300,100,31300,1965949,,,,,,
sha256,64,17,313,31300,100,31300,1950503,,,,,,
sha256,64,18,313,31300,100,31300,1947557,,,,,,
sha256,64,19,313,31300,100,31300,1950300,,,,,,
sha256,64,20,313,31300,100,31300,1947843,,,,,,
sha256,64,21,313,31300,100,31300,1949173,,,,,,
sha256,64,22,313,31300,100,31300,1948160,,,,,,
sha256,64,23,313,31300,100,31300,1948030,,,,,,
sha256,64,24,313,31300,100,31300,1948292,,,,,,
sha256,64,25,313,31300,100,31300,1947587,,,,,,
sha256,64,26,313,31300,100,31300,1948119,,,,,,
sha256,64,27,313,31300,100,31300,1948066,,,,,,
sha256,64,28,313,31300,100,31300,1950029,,,,,,
sha256,64,29,313,31300,100,31300,1953238,,,,,,
sha256,64,30,313,31300,100,31300,1949634,,,,,,
sha256,64,31,313,31300,100,31300,1953154,,,,,,
sha256,64,32,313,31300,100,31300,1948185,,,,,,
sha256,64,33,313,31300,100,31300,1948198,,,,,,
sha256,64,34,313,31300,100,31300,1947438,,,,,,
sha256,64,35,313,31300,100,31300,1947110,,,,,,
sha256,64,36,313,31300,100,31300,1945654,,,,,,
sha256,64,37,313,31300,100,31300,1949226,,,,,,
sha256,64,38,313,31300,100,31300,1971445,,,,,,
sha256,64,39,313,31300,100,31300,1987246,,,,,,
sha256,64,40,313,31300,100,31300,1992739,,,,,,
sha256,64,41,313,31300,100,31300,1989240,,,,,,
sha256,64,42,313,31300,100,31300,1976203,,,,,,
sha256,64,43,313,31300,100,31300,1955546,,,,,,
sha256,64,44,313,31300,100,31300,1964181,,,,,,
sha256,64,45,313,31300,100,31300,1958568,,,,,,
sha256,64,46,313,31300,100,31300,1953595,,,,,,
sha256,64,47,313,31300,100,31300,1952708,,,,,,
sha256,64,48,313,31300,100,31300,1951735,,,,,,
sha256,64,49,313,31300,100,31300,1952406,,,,,,
sha256,64,50,313,31300,100,31300,1975359,,,,,,
sha256,64,51,313,31300,100,31300,1951769,,,,,,
sha256,64,52,313,31300,100,31300,1948305,,,,,,
sha256,64,53,313,31300,100,31300,1950054,,,,,,
sha256,64,54,313,31300,100,31300,1947319,,,,,,
sha256,64,55,313,31300,100,31300,1948347,,,,,,
sha256,64,56,313,31300,100,31300,1950811,,,,,,
sha256,64,57,313,31300,100,31300,1951465,,,,,,
sha256,64,58,313,31300,100,31300,1946764,,,,,,
sha256,64,59,313,31300,100,31300,1948163,,,,,,
sha256,64,60,313,31300,100,31300,1948081,,,,,,
sha256,64,61,313,31300,100,31300,1947616,,,,,,
sha256,64,62,313,31300,100,31300,1951035,,,,,,
sha256,64,63,313,31300,100,31300,1948011,,,,,,
sha256,64,64,313,31300,100,31300,1947505,,,,,,
sha256,64,65,313,31300,100,31300,1946383,,,,,,
sha256,64,66,313,31300,100,31300,1948707,,,,,,
sha256,64,67,313,31300,100,31300,1946034,,,,,,
sha256,64,68,313,31300,100,31300,1946726,,,,,,
sha256,64,69,313,31300,100,31300,1946814,,,,,,
sha256,64,70,313,31300,100,31300,1948117,,,,,,
sha256,64,71,313,31300,100,31300,1950301,,,,,,
sha256,64,72,313,31300,100,31300,1947832,,,,,,
sha256,64,73,313,31300,100,31300,1948164,,,,,,
sha256,64,74,313,31300,100,31300,1948157,,,,,,
sha256,64,75,313,31300,100,31300,1948273,,,,,,
sha256,64,76,313,31300,100,31300,1947868,,,,,,
sha256,64,77,313,31300,100,31300,1947166,,,,,,
sha256,64,78,313,31300,100,31300,1949025,,,,,,
sha256,64,79,313,31300,100,31300,1975858,,,,,,
sha256,64,80,313,31300,100,31300,1987554,,,,,,
sha256,64,81,313,31300,100,31300,1991141,,,,,,
sha256,64,82,313,31300,100,31300,1989456,,,,,,
sha256,64,83,313,31300,100,31300,1971708,,,,,,
sha256,64,84,313,31300,100,31300,1956746,,,,,,
sha256,64,85,313,31300,100,31300,1953125,,,,,,
sha256,64,86,313,31300,100,31300,1946596,,,,,,
sha256,64,87,313,31300,100,31300,1952750,,,,,,
sha256,64,88,313,31300,100,31300,1961848,,,,,,
sha256,64,89,313,31300,100,31300,1950620,,,,,,
sha256,64,90,313,31300,100,31300,1951614,,,,,,
sha256,64,91,313,31300,100,31300,1949934,,,,,,
sha256,64,92,313,31300,100,31300,1948589,,,,,,
sha256,64,93,313,31300,100,31300,2316786,,,,,,
sha256,64,94,313,31300,100,31300,1945465,,,,,,
sha256,64,95,313,31300,100,31300,1947919,,,,,,
sha256,64,96,313,31300,100,31300,1949815,,,,,,
sha256,64,97,313,31300,100,31300,1948583,,,,,,
sha256,64,98,313,31300,100,31300,1954092,,,,,,
sha256,64,99,313,31300,100,31300,1948334,,,,,,
sha256,64,100,313,31300,100,31300,1947945,,,,,,
sha256,64,101,313,31300,100,31300,1949829,,,,,,
sha256,64,102,313,31300,100,31300,1949437,,,,,,
sha256,64,103,313,31300,100,31300,1949711,,,,,,
sha256,64,104,313,31300,100,31300,1949544,,,,,,
sha256,64,105,313,31300,100,31300,1948033,,,,,,
sha256,64,106,313,31300,100,31300,1947683,,,,,,
sha256,64,107,313,31300,100,31300,1949739,,,,,,
sha256,64,108,313,31300,100,31300,1947425,,,,,,
sha256,64,109,313,31300,100,31300,1946977,,,,,,
sha256,64,110,313,31300,100,31300,1948302,,,,,,
sha256,64,111,313,31300,100,31300,1949116,,,,,,
sha256,64,112,313,31300,100,31300,1948442,,,,,,
sha256,64,113,313,31300,100,31300,1948671,,,,,,
sha256,64,114,313,31300,100,31300,1948257,,,,,,
sha256,64,115,313,31300,100,31300,1947398,,,,,,
sha256,64,116,313,31300,100,31300,1947724,,,,,,
sha256,64,117,313,31300,100,31300,1946015,,,,,,
sha256,64,118,313,31300,100,31300,1948435,,,,,,
sha256,64,119,313,31300,100,31300,1952764,,,,,,
sha256,64,120,313,31300,100,31300,1988350,,,,,,
sha256,64,121,313,31300,100,31300,1988992,,,,,,
sha256,64,122,313,31300,100,31300,1991663,,,,,,
sha256,64,123,313,31300,100,31300,1991220,,,,,,
sha256,64,124,313,31300,100,31300,1964812,,,,,,
sha256,64,125,313,31300,100,31300,1955039,,,,,,
sha256,64,126,313,31300,100,31300,1958843,,,,,,
sha256,64,127,313,31300,100,31300,1969902,,,,,,
sha256,2048,0,23,2300,100,2300,2018208,,,,,,
sha256,2048,1,23,2300,100,2300,2024463,,,,,,
sha256,2048,2,23,2300,100,2300,2021190,,,,,,
sha256,2048,3,23,2300,100,2300,2018442,,,,,,
sha256,2048,4,23,2300,100,2300,2019224,,,,,,
sha256,2048,5,23,2300,100,2300,2016479,,,,,,
sha256,2048,6,23,2300,100,2300,2034990,,,,,,
sha256,2048,7,23,2300,100,2300,2032320,,,,,,
sha256,2048,8,23,2300,100,2300,2091254,,,,,,
sha256,2048,9,23,2300,100,2300,2062322,,,,,,
sha256,2048,10,23,2300,100,2300,2086020,,,,,,
sha256,2048,11,23,2300,100,2300,2061217,,,,,,
sha256,2048,12,23,2300,100,2300,2054090,,,,,,
sha256,2048,13,23,2300,100,2300,2055107,,,,,,
sha256,2048,14,23,2300,100,2300,2054672,,,,,,
sha256,2048,15,23,2300,100,2300,2054960,,,,,,
sha256,2048,16,23,2300,100,2300,2054048,,,,,,
sha256,2048,17,23,2300,100,2300,2055171,,,,,,
sha256,2048,18,23,2300,100,2300,2021649,,,,,,
sha256,2048,19,23,2300,100,2300,2012874,,,,,,
sha256,2048,20,23,2300,100,2300,2012816,,,,,,
sha256,2048,21,23,2300,100,2300,2012895,,,,,,
sha256,2048,22,23,2300,100,2300,2012852,,,,,,
sha256,2048,23,23,2300,100,2300,2012815,,,,,,
sha256,2048,24,23,2300,100,2300,2012966,,,,,,
sha256,2048,25,23,2300,100,2300,2037895,,,,,,
sha256,2048,26,23,2300,100,2300,2037366,,,,,,
sha256,2048,27,23,2300,100,2300,2012762,,,,,,
sha256,2048,28,23,2300,100,2300,2015240,,,,,,
sha256,2048,29,23,2300,100,2300,2013493,,,,,,
sha256,2048,30,23,2300,100,2300,2032899,,,,,,
sha256,2048,31,23,2300,100,2300,2054940,,,,,,
sha256,2048,32,23,2300,100,2300,2055063,,,,,,
sha256,2048,33,23,2300,100,2300,2057597,,,,,,
sha256,2048,34,23,2300,100,2300,2057579,,,,,,
sha256,2048,35,23,2300,100,2300,2029626,,,,,,
sha256,2048,36,23,2300,100,2300,2016349,,,,,,
sha256,2048,37,23,2300,100,2300,2021435,,,,,,
sha256,2048,38,23,2300,100,2300,2012788,,,,,,
sha256,2048,39,23,2300,100,2300,2012757,,,,,,
sha256,2048,40,23,2300,100,2300,2012707,,,,,,
sha256,2048,41,23,2300,100,2300,2018114,,,,,,
sha256,2048,42,23,2300,100,2300,2036355,,,,,,
sha256,2048,43,23,2300,100,2300,2019256,,,,,,
sha256,2048,44,23,2300,100,2300,2018986,,,,,,
sha256,2048,45,23,2300,100,2300,2019315,,,,,,
sha256,2048,46,23,2300,100,2300,2017809,,,,,,
sha256,2048,47,23,2300,100,2300,2033655,,,,,,
sha256,2048,48,23,2300,100,2300,2017085,,,,,,
sha256,2048,49,23,2300,100,2300,2012869,,,,,,
sha256,2048,50,23,2300,100,2300,2015462,,,,,,
sha256,2048,51,23,2300,100,2300,2012761,,,,,,
sha256,2048,52,23,2300,100,2300,2012841,,,,,,
sha256,2048,53,23,2300,100,2300,2031073,,,,,,
sha256,2048,54,23,2300,100,2300,2012934,,,,,,
sha256,2048,55,23,2300,100,2300,2012832,,,,,,
sha256,2048,56,23,2300,100,2300,2012710,,,,,,
sha256,2048,57,23,2300,100,2300,2012884,,,,,,
sha256,2048,58,23,2300,100,2300,2015347,,,,,,
sha256,2048,59,23,2300,100,2300,2015861,,,,,,
sha256,2048,60,23,2300,100,2300,2016051,,,,,,
sha256,2048,61,23,2300,100,2300,2012873,,,,,,
sha256,2048,62,23,2300,100,2300,2012903,,,,,,
sha256,2048,63,23,2300,100,2300,2012979,,,,,,
sha256,2048,64,23,2300,100,2300,2015100,,,,,,
sha256,2048,65,23,2300,100,2300,2019084,,,,,,
sha256,2048,66,23,2300,100,2300,2015114,,,,,,
sha256,2048,67,23,2300,100,2300,2014849,,,,,,
sha256,2048,68,23,2300,100,2300,2012663,,,,,,
sha256,2048,69,23,2300,100,2300,2014962,,,,,,
sha256,2048,70,23,2300,100,2300,2027395,,,,,,
sha256,2048,71,23,2300,100,2300,2054530,,,,,,
sha256,2048,72,23,2300,100,2300,2056677,,,,,,
sha256,2048,73,23,2300,100,2300,2058329,,,,,,
sha256,2048,74,23,2300,100,2300,2042258,,,,,,
sha256,2048,75,23,2300,100,2300,2023539,,,,,,
sha256,2048,76,23,2300,100,2300,2020520,,,,,,
sha256,2048,77,23,2300,100,2300,2013624,,,,,,
sha256,2048,78,23,2300,100,2300,2016138,,,,,,
sha256,2048,79,23,2300,100,2300,2012753,,,,,,
sha256,2048,80,23,2300,100,2300,2012669,,,,,,
sha256,2048,81,23,2300,100,2300,2012723,,,,,,
sha256,2048,82,23,2300,100,2300,2012728,,,,,,
sha256,2048,83,23,2300,100,2300,2031101,,,,,,
sha256,2048,84,23,2300,100,2300,2016893,,,,,,
sha256,2048,85,23,2300,100,2300,2017992,,,,,,
sha256,2048,86,23,2300,100,2300,2016660,,,,,,
sha256,2048,87,23,2300,100,2300,2018308,,,,,,
sha256,2048,88,23,2300,100,2300,2036300,,,,,,
sha256,2048,89,23,2300,100,2300,2015640,,,,,,
sha256,2048,90,23,2300,100,2300,2014602,,,,,,
sha256,2048,91,23,2300,100,2300,2020937,,,,,,
sha256,2048,92,23,2300,100,2300,2014508,,,,,,
sha256,2048,93,23,2300,100,2300,2012793,,,,,,
sha256,2048,94,23,2300,100,2300,2012876,,,,,,
sha256,2048,95,23,2300,100,2300,2012850,,,,,,
sha256,2048,96,23,2300,100,2300,2013978,,,,,,
sha256,2048,97,23,2300,100,2300,2018141,,,,,,
sha256,2048,98,23,2300,100,2300,2012385,,,,,,
sha256,2048,99,23,2300,100,2300,2015508,,,,,,
sha256,2048,100,23,2300,100,2300,2012739,,,,,,
sha256,2048,101,23,2300,100,2300,2012740,,,,,,
sha256,2048,102,23,2300,100,2300,2012714,,,,,,
sha256,2048,103,23,2300,100,2300,2027331,,,,,,
sha256,2048,104,23,2300,100,2300,2012945,,,,,,
sha256,2048,105,23,2300,100,2300,2052658,,,,,,
sha256,2048,106,23,2300,100,2300,2054263,,,,,,
sha256,2048,107,23,2300,100,2300,2055810,,,,,,
sha256,2048,108,23,2300,100,2300,2055167,,,,,,
sha256,2048,109,23,2300,100,2300,2058106,,,,,,
sha256,2048,110,23,2300,100,2300,2025017,,,,,,
sha256,2048,111,23,2300,100,2300,2020721,,,,,,
sha256,2048,112,23,2300,100,2300,2013474,,,,,,
sha256,2048,113,23,2300,100,2300,2037850,,,,,,
sha256,2048,114,23,2300,100,2300,2034727,,,,,,
sha256,2048,115,23,2300,100,2300,2013042,,,,,,
sha256,2048,116,23,2300,100,2300,2031189,,,,,,
sha256,2048,117,23,2300,100,2300,2020092,,,,,,
sha256,2048,118,23,2300,100,2300,2058744,,,,,,
sha256,2048,119,23,2300,100,2300,2056066,,,,,,
sha256,2048,120,23,2300,100,2300,2030055,,,,,,
sha256,2048,121,23,2300,100,2300,2033639,,,,,,
sha256,2048,122,23,2300,100,2300,2030240,,,,,,
sha256,2048,123,23,2300,100,2300,2024258,,,,,,
sha256,2048,124,23,2300,100,2300,2032477,,,,,,
sha256,2048,125,23,2300,100,2300,2018557,,,,,,
sha256,2048,126,23,2300,100,2300,2019161,,,,,,
sha256,2048,127,23,2300,100,2300,2016012,,,,,,
sha256,102400,0,1,100,100,100,4199338,,,,,,
sha256,102400,1,1,100,100,100,4204652,,,,,,
sha256,102400,2,1,100,100,100,4198724,,,,,,
sha256,102400,3,1,100,100,100,4198234,,,,,,
sha256,102400,4,1,100,100,100,4202746,,,,,,
sha256,102400,5,1,100,100,100,4204617,,,,,,
sha256,102400,6,1,100,100,100,4198180,,,,,,
sha256,102400,7,1,100,100,100,4198283,,,,,,
sha256,102400,8,1,100,100,100,4198222,,,,,,
sha256,102400,9,1,100,100,100,4266634,,,,,,
sha256,102400,10,1,100,100,100,4291595,,,,,,
sha256,102400,11,1,100,100,100,4254632,,,,,,
sha256,102400,12,1,100,100,100,4214715,,,,,,
sha256,102400,13,1,100,100,100,4212474,,,,,,
sha256,102400,14,1,100,100,100,4221835,,,,,,
sha256,102400,15,1,100,100,100,4580115,,,,,,
sha256,102400,16,1,100,100,100,4210547,,,,,,
sha256,102400,17,1,100,100,100,4212018,,,,,,
sha256,102400,18,1,100,100,100,4198280,,,,,,
sha256,102400,19,1,100,100,100,4201224,,,,,,
sha256,102400,20,1,100,100,100,4200792,,,,,,
sha256,102400,21,1,100,100,100,4198244,,,,,,
sha256,102400,22,1,100,100,100,4204387,,,,,,
sha256,102400,23,1,100,100,100,4198245,,,,,,
sha256,102400,24,1,100,100,100,4200912,,,,,,
sha256,102400,25,1,100,100,100,4198505,,,,,,
sha256,102400,26,1,100,100,100,4198679,,,,,,
sha256,102400,27,1,100,100,100,4199188,,,,,,
sha256,102400,28,1,100,100,100,4269369,,,,,,
sha256,102400,29,1,100,100,100,4291169,,,,,,
sha256,102400,30,1,100,100,100,4238610,,,,,,
sha256,102400,31,1,100,100,100,4207806,,,,,,
sha256,102400,32,1,100,100,100,4205737,,,,,,
sha256,102400,33,1,100,100,100,4201853,,,,,,
sha256,102400,34,1,100,100,100,4205601,,,,,,
sha256,102400,35,1,100,100,100,4199874,,,,,,
sha256,102400,36,1,100,100,100,4199281,,,,,,
sha256,102400,37,1,100,100,100,4203892,,,,,,
sha256,102400,38,1,100,100,100,4198391,,,,,,
sha256,102400,39,1,100,100,100,4198119,,,,,,
sha256,102400,40,1,100,100,100,4198138,,,,,,
sha256,102400,41,1,100,100,100,4202289,,,,,,
sha256,102400,42,1,100,100,100,4198116,,,,,,
sha256,102400,43,1,100,100,100,4198258,,,,,,
sha256,102400,44,1,100,100,100,4198179,,,,,,
sha256,102400,45,1,100,100,100,4200472,,,,,,
sha256,102400,46,1,100,100,100,4201806,,,,,,
sha256,102400,47,1,100,100,100,4274894,,,,,,
sha256,102400,48,1,100,100,100,4287941,,,,,,
sha256,102400,49,1,100,100,100,4243706,,,,,,
sha256,102400,50,1,100,100,100,4215938,,,,,,
sha256,102400,51,1,100,100,100,4198509,,,,,,
sha256,102400,52,1,100,100,100,4209840,,,,,,
sha256,102400,53,1,100,100,100,4202199,,,,,,
sha256,102400,54,1,100,100,100,4201641,,,,,,
sha256,102400,55,1,100,100,100,4200060,,,,,,
sha256,102400,56,1,100,100,100,4198220,,,,,,
sha256,102400,57,1,100,100,100,4198157,,,,,,
sha256,102400,58,1,100,100,100,4203291,,,,,,
sha256,102400,59,1,100,100,100,4199407,,,,,,
sha256,102400,60,1,100,100,100,4250674,,,,,,
sha256,102400,61,1,100,100,100,4209600,,,,,,
sha256,102400,62,1,100,100,100,4198102,,,,,,
sha256,102400,63,1,100,100,100,4198178,,,,,,
sha256,102400,64,1,100,100,100,4201454,,,,,,
sha256,102400,65,1,100,100,100,4198226,,,,,,
sha256,102400,66,1,100,100,100,4250849,,,,,,
sha256,102400,67,1,100,100,100,4289254,,,,,,
sha256,102400,68,1,100,100,100,4239793,,,,,,
sha256,102400,69,1,100,100,100,4208062,,,,,,
sha256,102400,70,1,100,100,100,4202186,,,,,,
sha256,102400,71,1,100,100,100,4198162,,,,,,
sha256,102400,72,1,100,100,100,4206057,,,,,,
sha256,102400,73,1,100,100,100,4210197,,,,,,
sha256,102400,74,1,100,100,100,4202821,,,,,,
sha256,102400,75,1,100,100,100,4200881,,,,,,
sha256,102400,76,1,100,100,100,4200527,,,,,,
sha256,102400,77,1,100,100,100,4198029,,,,,,
sha256,102400,78,1,100,100,100,4199162,,,,,,
sha256,102400,79,1,100,100,100,4198051,,,,,,
sha256,102400,80,1,100,100,100,4198227,,,,,,
sha256,102400,81,1,100,100,100,4200559,,,,,,
sha256,102400,82,1,100,100,100,4198337,,,,,,
sha256,102400,83,1,100,100,100,4201467,,,,,,
sha256,102400,84,1,100,100,100,4201617,,,,,,
sha256,102400,85,1,100,100,100,4270076,,,,,,
sha256,102400,86,1,100,100,100,4288424,,,,,,
sha256,102400,87,1,100,100,100,4297834,,,,,,
sha256,102400,88,1,100,100,100,4233783,,,,,,
sha256,102400,89,1,100,100,100,4201503,,,,,,
sha256,102400,90,1,100,100,100,4202154,,,,,,
sha256,102400,91,1,100,100,100,4198380,,,,,,
sha256,102400,92,1,100,100,100,4202329,,,,,,
sha256,102400,93,1,100,100,100,4201083,,,,,,
sha256,102400,94,1,100,100,100,4198179,,,,,,
sha256,102400,95,1,100,100,100,4198201,,,,,,
sha256,102400,96,1,100,100,100,4200406,,,,,,
sha256,102400,97,1,100,100,100,4199362,,,,,,
sha256,102400,98,1,100,100,100,4198101,,,,,,
sha256,102400,99,1,100,100,100,4198267,,,,,,
sha256,102400,100,1,100,100,100,4200992,,,,,,
sha256,102400,101,1,100,100,100,4198170,,,,,,
sha256,102400,102,1,100,100,100,4199213,,,,,,
sha256,102400,103,1,100,100,100,4198516,,,,,,
sha256,102400,104,1,100,100,100,4239456,,,,,,
sha256,102400,105,1,100,100,100,4291908,,,,,,
sha256,102400,106,1,100,100,100,4295006,,,,,,
sha256,102400,107,1,100,100,100,4237336,,,,,,
sha256,102400,108,1,100,100,100,4210211,,,,,,
sha256,102400,109,1,100,100,100,4206680,,,,,,
sha256,102400,110,1,100,100,100,4223853,,,,,,
sha256,102400,111,1,100,100,100,4226938,,,,,,
sha256,102400,112,1,100,100,100,4225646,,,,,,
sha256,102400,113,1,100,100,100,4198060,,,,,,
sha256,102400,114,1,100,100,100,4200534,,,,,,
sha256,102400,115,1,100,100,100,4199958,,,,,,
sha256,102400,116,1,100,100,100,4198200,,,,,,
sha256,102400,117,1,100,100,100,4201300,,,,,,
sha256,102400,118,1,100,100,100,4198160,,,,,,
sha256,102400,119,1,100,100,100,4198175,,,,,,
sha256,102400,120,1,100,100,100,4272177,,,,,,
sha256,102400,121,1,100,100,100,4199175,,,,,,
sha256,102400,122,1,100,100,100,4198460,,,,,,
sha256,102400,123,1,100,100,100,4237823,,,,,,
sha256,102400,124,1,100,100,100,4288969,,,,,,
sha256,102400,125,1,100,100,100,4267049,,,,,,
sha256,102400,126,1,100,100,100,4216482,,,,,,
sha256,102400,127,1,100,100,100,4208655,,,,,,
blake3-servil-st,64,0,442,44200,106,46852,1988448,,,,,,
blake3-servil-st,64,1,442,44200,106,46852,1988182,,,,,,
blake3-servil-st,64,2,442,44200,106,46852,1987424,,,,,,
blake3-servil-st,64,3,442,44200,106,46852,1995650,,,,,,
blake3-servil-st,64,4,442,44200,106,46852,1988695,,,,,,
blake3-servil-st,64,5,442,44200,106,46852,1988690,,,,,,
blake3-servil-st,64,6,442,44200,106,46852,1988137,,,,,,
blake3-servil-st,64,7,442,44200,106,46852,1990726,,,,,,
blake3-servil-st,64,8,442,44200,106,46852,1989092,,,,,,
blake3-servil-st,64,9,442,44200,106,46852,1989026,,,,,,
blake3-servil-st,64,10,442,44200,106,46852,2010706,,,,,,
blake3-servil-st,64,11,442,44200,106,46852,1991354,,,,,,
blake3-servil-st,64,12,442,44200,106,46852,1991311,,,,,,
blake3-servil-st,64,13,442,44200,106,46852,1991120,,,,,,
blake3-servil-st,64,14,442,44200,106,46852,1989559,,,,,,
blake3-servil-st,64,15,442,44200,106,46852,1992396,,,,,,
blake3-servil-st,64,16,442,44200,106,46852,2019201,,,,,,
blake3-servil-st,64,17,442,44200,106,46852,1987441,,,,,,
blake3-servil-st,64,18,442,44200,106,46852,1982076,,,,,,
blake3-servil-st,64,19,442,44200,106,46852,1982831,,,,,,
blake3-servil-st,64,20,442,44200,106,46852,1985600,,,,,,
blake3-servil-st,64,21,442,44200,106,46852,1986081,,,,,,
blake3-servil-st,64,22,442,44200,106,46852,1984711,,,,,,
blake3-servil-st,64,23,442,44200,106,46852,1987579,,,,,,
blake3-servil-st,64,24,442,44200,106,46852,1988249,,,,,,
blake3-servil-st,64,25,442,44200,106,46852,1988260,,,,,,
blake3-servil-st,64,26,442,44200,106,46852,1988799,,,,,,
blake3-servil-st,64,27,442,44200,106,46852,1984562,,,,,,
blake3-servil-st,64,28,442,44200,106,46852,1987769,,,,,,
blake3-servil-st,64,29,442,44200,106,46852,2012471,,,,,,
blake3-servil-st,64,30,442,44200,106,46852,2023898,,,,,,
blake3-servil-st,64,31,442,44200,106,46852,2030541,,,,,,
blake3-servil-st,64,32,442,44200,106,46852,2027646,,,,,,
blake3-servil-st,64,33,442,44200,106,46852,2021698,,,,,,
blake3-servil-st,64,34,442,44200,106,46852,2000165,,,,,,
blake3-servil-st,64,35,442,44200,106,46852,1994775,,,,,,
blake3-servil-st,64,36,442,44200,106,46852,1998084,,,,,,
blake3-servil-st,64,37,442,44200,106,46852,1983752,,,,,,
blake3-servil-st,64,38,442,44200,106,46852,1987491,,,,,,
blake3-servil-st,64,39,442,44200,106,46852,1991830,,,,,,
blake3-servil-st,64,40,442,44200,106,46852,2005741,,,,,,
blake3-servil-st,64,41,442,44200,106,46852,1994716,,,,,,
blake3-servil-st,64,42,442,44200,106,46852,1989412,,,,,,
blake3-servil-st,64,43,442,44200,106,46852,1984879,,,,,,
blake3-servil-st,64,44,442,44200,106,46852,1988079,,,,,,
blake3-servil-st,64,45,442,44200,106,46852,2351801,,,,,,
blake3-servil-st,64,46,442,44200,106,46852,1989150,,,,,,
blake3-servil-st,64,47,442,44200,106,46852,1983596,,,,,,
blake3-servil-st,64,48,442,44200,106,46852,1981797,,,,,,
blake3-servil-st,64,49,442,44200,106,46852,1987007,,,,,,
blake3-servil-st,64,50,442,44200,106,46852,1988933,,,,,,
blake3-servil-st,64,51,442,44200,106,46852,1988837,,,,,,
blake3-servil-st,64,52,442,44200,106,46852,1983712,,,,,,
blake3-servil-st,64,53,442,44200,106,46852,1977704,,,,,,
blake3-servil-st,64,54,442,44200,106,46852,1978252,,,,,,
blake3-servil-st,64,55,442,44200,106,46852,1979278,,,,,,
blake3-servil-st,64,56,442,44200,106,46852,1981580,,,,,,
blake3-servil-st,64,57,442,44200,106,46852,1988970,,,,,,
blake3-servil-st,64,58,442,44200,106,46852,1983673,,,,,,
blake3-servil-st,64,59,442,44200,106,46852,1981082,,,,,,
blake3-servil-st,64,60,442,44200,106,46852,1985894,,,,,,
blake3-servil-st,64,61,442,44200,106,46852,1988097,,,,,,
blake3-servil-st,64,62,442,44200,106,46852,1986542,,,,,,
blake3-servil-st,64,63,442,44200,106,46852,1989764,,,,,,
blake3-servil-st,64,64,442,44200,106,46852,1985987,,,,,,
blake3-servil-st,64,65,442,44200,106,46852,1977424,,,,,,
blake3-servil-st,64,66,442,44200,106,46852,1990452,,,,,,
blake3-servil-st,64,67,442,44200,106,46852,1979803,,,,,,
blake3-servil-st,64,68,442,44200,106,46852,1989468,,,,,,
blake3-servil-st,64,69,442,44200,106,46852,1996749,,,,,,
blake3-servil-st,64,70,442,44200,106,46852,2025611,,,,,,
blake3-servil-st,64,71,442,44200,106,46852,2027629,,,,,,
blake3-servil-st,64,72,442,44200,106,46852,2030204,,,,,,
blake3-servil-st,64,73,442,44200,106,46852,2028380,,,,,,
blake3-servil-st,64,74,442,44200,106,46852,2006670,,,,,,
blake3-servil-st,64,75,442,44200,106,46852,1990299,,,,,,
blake3-servil-st,64,76,442,44200,106,46852,1991487,,,,,,
blake3-servil-st,64,77,442,44200,106,46852,1988336,,,,,,
blake3-servil-st,64,78,442,44200,106,46852,1986639,,,,,,
blake3-servil-st,64,79,442,44200,106,46852,2004213,,,,,,
blake3-servil-st,64,80,442,44200,106,46852,2003970,,,,,,
blake3-servil-st,64,81,442,44200,106,46852,2027484,,,,,,
blake3-servil-st,64,82,442,44200,106,46852,2029764,,,,,,
blake3-servil-st,64,83,442,44200,106,46852,2024605,,,,,,
blake3-servil-st,64,84,442,44200,106,46852,2033352,,,,,,
blake3-servil-st,64,85,442,44200,106,46852,2029633,,,,,,
blake3-servil-st,64,86,442,44200,106,46852,2014215,,,,,,
blake3-servil-st,64,87,442,44200,106,46852,2379086,,,,,,
blake3-servil-st,64,88,442,44200,106,46852,1992452,,,,,,
blake3-servil-st,64,89,442,44200,106,46852,1991145,,,,,,
blake3-servil-st,64,90,442,44200,106,46852,1996355,,,,,,
blake3-servil-st,64,91,442,44200,106,46852,1990791,,,,,,
blake3-servil-st,64,92,442,44200,106,46852,1988371,,,,,,
blake3-servil-st,64,93,442,44200,106,46852,1983975,,,,,,
blake3-servil-st,64,94,442,44200,106,46852,1973511,,,,,,
blake3-servil-st,64,95,442,44200,106,46852,1973159,,,,,,
blake3-servil-st,64,96,442,44200,106,46852,1973771,,,,,,
blake3-servil-st,64,97,442,44200,106,46852,1981515,,,,,,
blake3-servil-st,64,98,442,44200,106,46852,1979661,,,,,,
blake3-servil-st,64,99,442,44200,106,46852,1978123,,,,,,
blake3-servil-st,64,100,442,44200,106,46852,1987535,,,,,,
blake3-servil-st,64,101,442,44200,106,46852,1976290,,,,,,
blake3-servil-st,64,102,442,44200,106,46852,1981064,,,,,,
blake3-servil-st,64,103,442,44200,106,46852,1975613,,,,,,
blake3-servil-st,64,104,442,44200,106,46852,1981596,,,,,,
blake3-servil-st,64,105,442,44200,106,46852,1986560,,,,,,
blake3-servil-st,64,106,442,44200,106,46852,1983999,,,,,,
blake3-servil-st,64,107,442,44200,106,46852,1987435,,,,,,
blake3-servil-st,64,108,442,44200,106,46852,2001261,,,,,,
blake3-servil-st,64,109,442,44200,106,46852,2039775,,,,,,
blake3-servil-st,64,110,442,44200,106,46852,2024390,,,,,,
blake3-servil-st,64,111,442,44200,106,46852,2030352,,,,,,
blake3-servil-st,64,112,442,44200,106,46852,2030088,,,,,,
blake3-servil-st,64,113,442,44200,106,46852,2042763,,,,,,
blake3-servil-st,64,114,442,44200,106,46852,2031815,,,,,,
blake3-servil-st,64,115,442,44200,106,46852,2054825,,,,,,
blake3-servil-st,64,116,442,44200,106,46852,2033679,,,,,,
blake3-servil-st,64,117,442,44200,106,46852,2034897,,,,,,
blake3-servil-st,64,118,442,44200,106,46852,2030711,,,,,,
blake3-servil-st,64,119,442,44200,106,46852,2024067,,,,,,
blake3-servil-st,64,120,442,44200,106,46852,2029487,,,,,,
blake3-servil-st,64,121,442,44200,106,46852,2021821,,,,,,
blake3-servil-st,64,122,442,44200,106,46852,2026994,,,,,,
blake3-servil-st,64,123,442,44200,106,46852,2037978,,,,,,
blake3-servil-st,64,124,442,44200,106,46852,2020211,,,,,,
blake3-servil-st,64,125,442,44200,106,46852,2022046,,,,,,
blake3-servil-st,64,126,442,44200,106,46852,2025665,,,,,,
blake3-servil-st,64,127,442,44200,106,46852,2026621,,,,,,
blake3-servil-st,2048,0,21,2100,106,2226,1688427,,,,,,
blake3-servil-st,2048,1,21,2100,106,2226,1690528,,,,,,
blake3-servil-st,2048,2,21,2100,106,2226,1703119,,,,,,
blake3-servil-st,2048,3,21,2100,106,2226,1688139,,,,,,
blake3-servil-st,2048,4,21,2100,106,2226,1690080,,,,,,
blake3-servil-st,2048,5,21,2100,106,2226,1685645,,,,,,
blake3-servil-st,2048,6,21,2100,106,2226,1689513,,,,,,
blake3-servil-st,2048,7,21,2100,106,2226,1689834,,,,,,
blake3-servil-st,2048,8,21,2100,106,2226,1692158,,,,,,
blake3-servil-st,2048,9,21,2100,106,2226,1690447,,,,,,
blake3-servil-st,2048,10,21,2100,106,2226,1689479,,,,,,
blake3-servil-st,2048,11,21,2100,106,2226,1690211,,,,,,
blake3-servil-st,2048,12,21,2100,106,2226,1688823,,,,,,
blake3-servil-st,2048,13,21,2100,106,2226,1685857,,,,,,
blake3-servil-st,2048,14,21,2100,106,2226,1687745,,,,,,
blake3-servil-st,2048,15,21,2100,106,2226,1686596,,,,,,
blake3-servil-st,2048,16,21,2100,106,2226,1693433,,,,,,
blake3-servil-st,2048,17,21,2100,106,2226,1688714,,,,,,
blake3-servil-st,2048,18,21,2100,106,2226,1688332,,,,,,
blake3-servil-st,2048,19,21,2100,106,2226,1689633,,,,,,
blake3-servil-st,2048,20,21,2100,106,2226,1687916,,,,,,
blake3-servil-st,2048,21,21,2100,106,2226,1686716,,,,,,
blake3-servil-st,2048,22,21,2100,106,2226,1687439,,,,,,
blake3-servil-st,2048,23,21,2100,106,2226,1687652,,,,,,
blake3-servil-st,2048,24,21,2100,106,2226,1685332,,,,,,
blake3-servil-st,2048,25,21,2100,106,2226,1691465,,,,,,
blake3-servil-st,2048,26,21,2100,106,2226,1690652,,,,,,
blake3-servil-st,2048,27,21,2100,106,2226,1685172,,,,,,
blake3-servil-st,2048,28,21,2100,106,2226,1680389,,,,,,
blake3-servil-st,2048,29,21,2100,106,2226,1664077,,,,,,
blake3-servil-st,2048,30,21,2100,106,2226,1656130,,,,,,
blake3-servil-st,2048,31,21,2100,106,2226,1660108,,,,,,
blake3-servil-st,2048,32,21,2100,106,2226,1661600,,,,,,
blake3-servil-st,2048,33,21,2100,106,2226,1656226,,,,,,
blake3-servil-st,2048,34,21,2100,106,2226,1657792,,,,,,
blake3-servil-st,2048,35,21,2100,106,2226,1658862,,,,,,
blake3-servil-st,2048,36,21,2100,106,2226,1661237,,,,,,
blake3-servil-st,2048,37,21,2100,106,2226,1657238,,,,,,
blake3-servil-st,2048,38,21,2100,106,2226,1658345,,,,,,
blake3-servil-st,2048,39,21,2100,106,2226,1659431,,,,,,
blake3-servil-st,2048,40,21,2100,106,2226,1654392,,,,,,
blake3-servil-st,2048,41,21,2100,106,2226,1657824,,,,,,
blake3-servil-st,2048,42,21,2100,106,2226,1657198,,,,,,
blake3-servil-st,2048,43,21,2100,106,2226,1654754,,,,,,
blake3-servil-st,2048,44,21,2100,106,2226,1654781,,,,,,
blake3-servil-st,2048,45,21,2100,106,2226,1651882,,,,,,
blake3-servil-st,2048,46,21,2100,106,2226,1655924,,,,,,
blake3-servil-st,2048,47,21,2100,106,2226,1654078,,,,,,
blake3-servil-st,2048,48,21,2100,106,2226,1656021,,,,,,
blake3-servil-st,2048,49,21,2100,106,2226,1654840,,,,,,
blake3-servil-st,2048,50,21,2100,106,2226,1661104,,,,,,
blake3-servil-st,2048,51,21,2100,106,2226,1651344,,,,,,
blake3-servil-st,2048,52,21,2100,106,2226,1657129,,,,,,
blake3-servil-st,2048,53,21,2100,106,2226,1656686,,,,,,
blake3-servil-st,2048,54,21,2100,106,2226,1651849,,,,,,
blake3-servil-st,2048,55,21,2100,106,2226,1653796,,,,,,
blake3-servil-st,2048,56,21,2100,106,2226,1652469,,,,,,
blake3-servil-st,2048,57,21,2100,106,2226,1656151,,,,,,
blake3-servil-st,2048,58,21,2100,106,2226,1653897,,,,,,
blake3-servil-st,2048,59,21,2100,106,2226,1654254,,,,,,
blake3-servil-st,2048,60,21,2100,106,2226,1659489,,,,,,
blake3-servil-st,2048,61,21,2100,106,2226,1653153,,,,,,
blake3-servil-st,2048,62,21,2100,106,2226,1652517,,,,,,
blake3-servil-st,2048,63,21,2100,106,2226,1652413,,,,,,
blake3-servil-st,2048,64,21,2100,106,2226,1655934,,,,,,
blake3-servil-st,2048,65,21,2100,106,2226,1653206,,,,,,
blake3-servil-st,2048,66,21,2100,106,2226,1656598,,,,,,
blake3-servil-st,2048,67,21,2100,106,2226,1652924,,,,,,
blake3-servil-st,2048,68,21,2100,106,2226,1651656,,,,,,
blake3-servil-st,2048,69,21,2100,106,2226,1652786,,,,,,
blake3-servil-st,2048,70,21,2100,106,2226,1655349,,,,,,
blake3-servil-st,2048,71,21,2100,106,2226,1660108,,,,,,
blake3-servil-st,2048,72,21,2100,106,2226,1690112,,,,,,
blake3-servil-st,2048,73,21,2100,106,2226,1693301,,,,,,
blake3-servil-st,2048,74,21,2100,106,2226,1690782,,,,,,
blake3-servil-st,2048,75,21,2100,106,2226,1688621,,,,,,
blake3-servil-st,2048,76,21,2100,106,2226,1690118,,,,,,
blake3-servil-st,2048,77,21,2100,106,2226,1670699,,,,,,
blake3-servil-st,2048,78,21,2100,106,2226,1671192,,,,,,
blake3-servil-st,2048,79,21,2100,106,2226,1663913,,,,,,
blake3-servil-st,2048,80,21,2100,106,2226,1650616,,,,,,
blake3-servil-st,2048,81,21,2100,106,2226,1652969,,,,,,
blake3-servil-st,2048,82,21,2100,106,2226,1674035,,,,,,
blake3-servil-st,2048,83,21,2100,106,2226,1685422,,,,,,
blake3-servil-st,2048,84,21,2100,106,2226,1689448,,,,,,
blake3-servil-st,2048,85,21,2100,106,2226,1690656,,,,,,
blake3-servil-st,2048,86,21,2100,106,2226,1698518,,,,,,
blake3-servil-st,2048,87,21,2100,106,2226,1687531,,,,,,
blake3-servil-st,2048,88,21,2100,106,2226,1687555,,,,,,
blake3-servil-st,2048,89,21,2100,106,2226,1692319,,,,,,
blake3-servil-st,2048,90,21,2100,106,2226,1689232,,,,,,
blake3-servil-st,2048,91,21,2100,106,2226,1691866,,,,,,
blake3-servil-st,2048,92,21,2100,106,2226,1702011,,,,,,
blake3-servil-st,2048,93,21,2100,106,2226,1685867,,,,,,
blake3-servil-st,2048,94,21,2100,106,2226,1670834,,,,,,
blake3-servil-st,2048,95,21,2100,106,2226,1657589,,,,,,
blake3-servil-st,2048,96,21,2100,106,2226,1659243,,,,,,
blake3-servil-st,2048,97,21,2100,106,2226,1659014,,,,,,
blake3-servil-st,2048,98,21,2100,106,2226,1654775,,,,,,
blake3-servil-st,2048,99,21,2100,106,2226,1656718,,,,,,
blake3-servil-st,2048,100,21,2100,106,2226,1653434,,,,,,
blake3-servil-st,2048,101,21,2100,106,2226,1652125,,,,,,
blake3-servil-st,2048,102,21,2100,106,2226,1664777,,,,,,
blake3-servil-st,2048,103,21,2100,106,2226,1664068,,,,,,
blake3-servil-st,2048,104,21,2100,106,2226,1656065,,,,,,
blake3-servil-st,2048,105,21,2100,106,2226,1653589,,,,,,
blake3-servil-st,2048,106,21,2100,106,2226,1651803,,,,,,
blake3-servil-st,2048,107,21,2100,106,2226,1653318,,,,,,
blake3-servil-st,2048,108,21,2100,106,2226,2018331,,,,,,
blake3-servil-st,2048,109,21,2100,106,2226,1651570,,,,,,
blake3-servil-st,2048,110,21,2100,106,2226,1652259,,,,,,
blake3-servil-st,2048,111,21,2100,106,2226,1653797,,,,,,
blake3-servil-st,2048,112,21,2100,106,2226,1653245,,,,,,
blake3-servil-st,2048,113,21,2100,106,2226,1653867,,,,,,
blake3-servil-st,2048,114,21,2100,106,2226,1656980,,,,,,
blake3-servil-st,2048,115,21,2100,106,2226,1652998,,,,,,
blake3-servil-st,2048,116,21,2100,106,2226,1651618,,,,,,
blake3-servil-st,2048,117,21,2100,106,2226,1654753,,,,,,
blake3-servil-st,2048,118,21,2100,106,2226,1653312,,,,,,
blake3-servil-st,2048,119,21,2100,106,2226,1679856,,,,,,
blake3-servil-st,2048,120,21,2100,106,2226,1695719,,,,,,
blake3-servil-st,2048,121,21,2100,106,2226,1696050,,,,,,
blake3-servil-st,2048,122,21,2100,106,2226,1691186,,,,,,
blake3-servil-st,2048,123,21,2100,106,2226,1689949,,,,,,
blake3-servil-st,2048,124,21,2100,106,2226,1689445,,,,,,
blake3-servil-st,2048,125,21,2100,106,2226,1687907,,,,,,
blake3-servil-st,2048,126,21,2100,106,2226,1666375,,,,,,
blake3-servil-st,2048,127,21,2100,106,2226,1654285,,,,,,
blake3-servil-st,102400,0,2,200,106,212,3939707,,,,,,
blake3-servil-st,102400,1,2,200,106,212,3943839,,,,,,
blake3-servil-st,102400,2,2,200,106,212,3927409,,,,,,
blake3-servil-st,102400,3,2,200,106,212,4314958,,,,,,
blake3-servil-st,102400,4,2,200,106,212,3929221,,,,,,
blake3-servil-st,102400,5,2,200,106,212,3929944,,,,,,
blake3-servil-st,102400,6,2,200,106,212,3926309,,,,,,
blake3-servil-st,102400,7,2,200,106,212,3929553,,,,,,
blake3-servil-st,102400,8,2,200,106,212,3928186,,,,,,
blake3-servil-st,102400,9,2,200,106,212,3930013,,,,,,
blake3-servil-st,102400,10,2,200,106,212,3925488,,,,,,
blake3-servil-st,102400,11,2,200,106,212,3925213,,,,,,
blake3-servil-st,102400,12,2,200,106,212,3925362,,,,,,
blake3-servil-st,102400,13,2,200,106,212,3926546,,,,,,
blake3-servil-st,102400,14,2,200,106,212,3982234,,,,,,
blake3-servil-st,102400,15,2,200,106,212,3935917,,,,,,
blake3-servil-st,102400,16,2,200,106,212,4015593,,,,,,
blake3-servil-st,102400,17,2,200,106,212,4013602,,,,,,
blake3-servil-st,102400,18,2,200,106,212,3937086,,,,,,
blake3-servil-st,102400,19,2,200,106,212,3928739,,,,,,
blake3-servil-st,102400,20,2,200,106,212,3923621,,,,,,
blake3-servil-st,102400,21,2,200,106,212,3937167,,,,,,
blake3-servil-st,102400,22,2,200,106,212,3933840,,,,,,
blake3-servil-st,102400,23,2,200,106,212,3931647,,,,,,
blake3-servil-st,102400,24,2,200,106,212,4314447,,,,,,
blake3-servil-st,102400,25,2,200,106,212,3927353,,,,,,
blake3-servil-st,102400,26,2,200,106,212,3928653,,,,,,
blake3-servil-st,102400,27,2,200,106,212,3930605,,,,,,
blake3-servil-st,102400,28,2,200,106,212,3923965,,,,,,
blake3-servil-st,102400,29,2,200,106,212,3924027,,,,,,
blake3-servil-st,102400,30,2,200,106,212,3929048,,,,,,
blake3-servil-st,102400,31,2,200,106,212,3924061,,,,,,
blake3-servil-st,102400,32,2,200,106,212,3926926,,,,,,
blake3-servil-st,102400,33,2,200,106,212,3924654,,,,,,
blake3-servil-st,102400,34,2,200,106,212,3927361,,,,,,
blake3-servil-st,102400,35,2,200,106,212,3929218,,,,,,
blake3-servil-st,102400,36,2,200,106,212,3989837,,,,,,
blake3-servil-st,102400,37,2,200,106,212,4008504,,,,,,
blake3-servil-st,102400,38,2,200,106,212,3977881,,,,,,
blake3-servil-st,102400,39,2,200,106,212,3945040,,,,,,
blake3-servil-st,102400,40,2,200,106,212,3931136,,,,,,
blake3-servil-st,102400,41,2,200,106,212,3934811,,,,,,
blake3-servil-st,102400,42,2,200,106,212,3923641,,,,,,
blake3-servil-st,102400,43,2,200,106,212,3925220,,,,,,
blake3-servil-st,102400,44,2,200,106,212,3924272,,,,,,
blake3-servil-st,102400,45,2,200,106,212,3926981,,,,,,
blake3-servil-st,102400,46,2,200,106,212,3923980,,,,,,
blake3-servil-st,102400,47,2,200,106,212,3926276,,,,,,
blake3-servil-st,102400,48,2,200,106,212,3934217,,,,,,
blake3-servil-st,102400,49,2,200,106,212,3923698,,,,,,
blake3-servil-st,102400,50,2,200,106,212,3923693,,,,,,
blake3-servil-st,102400,51,2,200,106,212,3925098,,,,,,
blake3-servil-st,102400,52,2,200,106,212,3927239,,,,,,
blake3-servil-st,102400,53,2,200,106,212,3923132,,,,,,
blake3-servil-st,102400,54,2,200,106,212,3924056,,,,,,
blake3-servil-st,102400,55,2,200,106,212,3925844,,,,,,
blake3-servil-st,102400,56,2,200,106,212,3977789,,,,,,
blake3-servil-st,102400,57,2,200,106,212,4006366,,,,,,
blake3-servil-st,102400,58,2,200,106,212,3984305,,,,,,
blake3-servil-st,102400,59,2,200,106,212,3961442,,,,,,
blake3-servil-st,102400,60,2,200,106,212,3949777,,,,,,
blake3-servil-st,102400,61,2,200,106,212,3946787,,,,,,
blake3-servil-st,102400,62,2,200,106,212,3962147,,,,,,
blake3-servil-st,102400,63,2,200,106,212,3924327,,,,,,
blake3-servil-st,102400,64,2,200,106,212,3925432,,,,,,
blake3-servil-st,102400,65,2,200,106,212,3928429,,,,,,
blake3-servil-st,102400,66,2,200,106,212,3925076,,,,,,
blake3-servil-st,102400,67,2,200,106,212,3923000,,,,,,
blake3-servil-st,102400,68,2,200,106,212,3923292,,,,,,
blake3-servil-st,102400,69,2,200,106,212,3923478,,,,,,
blake3-servil-st,102400,70,2,200,106,212,3926715,,,,,,
blake3-servil-st,102400,71,2,200,106,212,3923836,,,,,,
blake3-servil-st,102400,72,2,200,106,212,3922743,,,,,,
blake3-servil-st,102400,73,2,200,106,212,3923095,,,,,,
blake3-servil-st,102400,74,2,200,106,212,3923128,,,,,,
blake3-servil-st,102400,75,2,200,106,212,3926022,,,,,,
blake3-servil-st,102400,76,2,200,106,212,3930556,,,,,,
blake3-servil-st,102400,77,2,200,106,212,4004137,,,,,,
blake3-servil-st,102400,78,2,200,106,212,4008021,,,,,,
blake3-servil-st,102400,79,2,200,106,212,3941767,,,,,,
blake3-servil-st,102400,80,2,200,106,212,3928985,,,,,,
blake3-servil-st,102400,81,2,200,106,212,3933170,,,,,,
blake3-servil-st,102400,82,2,200,106,212,3929759,,,,,,
blake3-servil-st,102400,83,2,200,106,212,3932289,,,,,,
blake3-servil-st,102400,84,2,200,106,212,3923275,,,,,,
blake3-servil-st,102400,85,2,200,106,212,3932979,,,,,,
blake3-servil-st,102400,86,2,200,106,212,3935483,,,,,,
blake3-servil-st,102400,87,2,200,106,212,3926568,,,,,,
blake3-servil-st,102400,88,2,200,106,212,3923496,,,,,,
blake3-servil-st,102400,89,2,200,106,212,3923624,,,,,,
blake3-servil-st,102400,90,2,200,106,212,3924328,,,,,,
blake3-servil-st,102400,91,2,200,106,212,3923520,,,,,,
blake3-servil-st,102400,92,2,200,106,212,3924334,,,,,,
blake3-servil-st,102400,93,2,200,106,212,3924960,,,,,,
blake3-servil-st,102400,94,2,200,106,212,3925196,,,,,,
blake3-servil-st,102400,95,2,200,106,212,3926998,,,,,,
blake3-servil-st,102400,96,2,200,106,212,3931100,,,,,,
blake3-servil-st,102400,97,2,200,106,212,3995868,,,,,,
blake3-servil-st,102400,98,2,200,106,212,4008341,,,,,,
blake3-servil-st,102400,99,2,200,106,212,3968098,,,,,,
blake3-servil-st,102400,100,2,200,106,212,3936145,,,,,,
blake3-servil-st,102400,101,2,200,106,212,3924165,,,,,,
blake3-servil-st,102400,102,2,200,106,212,3935194,,,,,,
blake3-servil-st,102400,103,2,200,106,212,3927421,,,,,,
blake3-servil-st,102400,104,2,200,106,212,3928344,,,,,,
blake3-servil-st,102400,105,2,200,106,212,3925944,,,,,,
blake3-servil-st,102400,106,2,200,106,212,3923914,,,,,,
blake3-servil-st,102400,107,2,200,106,212,3925090,,,,,,
blake3-servil-st,102400,108,2,200,106,212,3928834,,,,,,
blake3-servil-st,102400,109,2,200,106,212,3923955,,,,,,
blake3-servil-st,102400,110,2,200,106,212,3923751,,,,,,
blake3-servil-st,102400,111,2,200,106,212,3926854,,,,,,
blake3-servil-st,102400,112,2,200,106,212,3924129,,,,,,
blake3-servil-st,102400,113,2,200,106,212,3923987,,,,,,
blake3-servil-st,102400,114,2,200,106,212,3946714,,,,,,
blake3-servil-st,102400,115,2,200,106,212,3953071,,,,,,
blake3-servil-st,102400,116,2,200,106,212,3926801,,,,,,
blake3-servil-st,102400,117,2,200,106,212,3958882,,,,,,
blake3-servil-st,102400,118,2,200,106,212,4007642,,,,,,
blake3-servil-st,102400,119,2,200,106,212,4027373,,,,,,
blake3-servil-st,102400,120,2,200,106,212,3957115,,,,,,
blake3-servil-st,102400,121,2,200,106,212,3926589,,,,,,
blake3-servil-st,102400,122,2,200,106,212,3925916,,,,,,
blake3-servil-st,102400,123,2,200,106,212,3933427,,,,,,
blake3-servil-st,102400,124,2,200,106,212,3929317,,,,,,
blake3-servil-st,102400,125,2,200,106,212,3926844,,,,,,
blake3-servil-st,102400,126,2,200,106,212,3926454,,,,,,
blake3-servil-st,102400,127,2,200,106,212,3926418,,,,,,
