contender,length,sample,blocks,calls,hashes_per_block,completed_hashes,wall_ns,p_cycles,p_instructions,p_time_ns,e_cycles,e_instructions,e_time_ns
sha256,64,0,500,50000,100,50000,3152488,,,,,,
sha256,64,1,500,50000,100,50000,3148161,,,,,,
sha256,64,2,500,50000,100,50000,3145974,,,,,,
sha256,64,3,500,50000,100,50000,3146927,,,,,,
sha256,64,4,500,50000,100,50000,3147962,,,,,,
sha256,64,5,500,50000,100,50000,3145915,,,,,,
sha256,64,6,500,50000,100,50000,3148721,,,,,,
sha256,64,7,500,50000,100,50000,3145640,,,,,,
sha256,64,8,500,50000,100,50000,3146301,,,,,,
sha256,64,9,500,50000,100,50000,3148515,,,,,,
sha256,64,10,500,50000,100,50000,3147706,,,,,,
sha256,64,11,500,50000,100,50000,3148254,,,,,,
sha256,64,12,500,50000,100,50000,3148086,,,,,,
sha256,64,13,500,50000,100,50000,3151213,,,,,,
sha256,64,14,500,50000,100,50000,3155981,,,,,,
sha256,64,15,500,50000,100,50000,3218197,,,,,,
sha256,64,16,500,50000,100,50000,3154807,,,,,,
sha256,64,17,500,50000,100,50000,3158264,,,,,,
sha256,64,18,500,50000,100,50000,3149252,,,,,,
sha256,64,19,500,50000,100,50000,3152296,,,,,,
sha256,64,20,500,50000,100,50000,3151804,,,,,,
sha256,64,21,500,50000,100,50000,3147074,,,,,,
sha256,64,22,500,50000,100,50000,3146823,,,,,,
sha256,64,23,500,50000,100,50000,3512144,,,,,,
sha256,64,24,500,50000,100,50000,3147947,,,,,,
sha256,64,25,500,50000,100,50000,3148436,,,,,,
sha256,64,26,500,50000,100,50000,3147686,,,,,,
sha256,64,27,500,50000,100,50000,3148054,,,,,,
sha256,64,28,500,50000,100,50000,3145964,,,,,,
sha256,64,29,500,50000,100,50000,3148093,,,,,,
sha256,64,30,500,50000,100,50000,3150332,,,,,,
sha256,64,31,500,50000,100,50000,3144650,,,,,,
sha256,64,32,500,50000,100,50000,3147651,,,,,,
sha256,64,33,500,50000,100,50000,3147655,,,,,,
sha256,64,34,500,50000,100,50000,3147319,,,,,,
sha256,64,35,500,50000,100,50000,3147755,,,,,,
sha256,64,36,500,50000,100,50000,3147868,,,,,,
sha256,64,37,500,50000,100,50000,3150258,,,,,,
sha256,64,38,500,50000,100,50000,3149029,,,,,,
sha256,64,39,500,50000,100,50000,3155717,,,,,,
sha256,64,40,500,50000,100,50000,3150962,,,,,,
sha256,64,41,500,50000,100,50000,3150438,,,,,,
sha256,64,42,500,50000,100,50000,3157854,,,,,,
sha256,64,43,500,50000,100,50000,3150365,,,,,,
sha256,64,44,500,50000,100,50000,3149151,,,,,,
sha256,64,45,500,50000,100,50000,3147996,,,,,,
sha256,64,46,500,50000,100,50000,3147680,,,,,,
sha256,64,47,500,50000,100,50000,3148531,,,,,,
sha256,64,48,500,50000,100,50000,3145429,,,,,,
sha256,64,49,500,50000,100,50000,3146962,,,,,,
sha256,64,50,500,50000,100,50000,3148669,,,,,,
sha256,64,51,500,50000,100,50000,3148065,,,,,,
sha256,64,52,500,50000,100,50000,3149214,,,,,,
sha256,64,53,500,50000,100,50000,3148734,,,,,,
sha256,64,54,500,50000,100,50000,3148379,,,,,,
sha256,64,55,500,50000,100,50000,3148820,,,,,,
sha256,64,56,500,50000,100,50000,3146959,,,,,,
sha256,64,57,500,50000,100,50000,3149903,,,,,,
sha256,64,58,500,50000,100,50000,3148952,,,,,,
sha256,64,59,500,50000,100,50000,3147578,,,,,,
sha256,64,60,500,50000,100,50000,3148659,,,,,,
sha256,64,61,500,50000,100,50000,3147910,,,,,,
sha256,64,62,500,50000,100,50000,3149357,,,,,,
sha256,64,63,500,50000,100,50000,3147789,,,,,,
sha256,64,64,500,50000,100,50000,3149465,,,,,,
sha256,64,65,500,50000,100,50000,3147581,,,,,,
sha256,64,66,500,50000,100,50000,3153038,,,,,,
sha256,64,67,500,50000,100,50000,3154558,,,,,,
sha256,64,68,500,50000,100,50000,3157785,,,,,,
sha256,64,69,500,50000,100,50000,3147420,,,,,,
sha256,64,70,500,50000,100,50000,3148467,,,,,,
sha256,64,71,500,50000,100,50000,3516493,,,,,,
sha256,64,72,500,50000,100,50000,3147840,,,,,,
sha256,64,73,500,50000,100,50000,3154843,,,,,,
sha256,64,74,500,50000,100,50000,3145860,,,,,,
sha256,64,75,500,50000,100,50000,3161482,,,,,,
sha256,64,76,500,50000,100,50000,3148239,,,,,,
sha256,64,77,500,50000,100,50000,3147962,,,,,,
sha256,64,78,500,50000,100,50000,3148471,,,,,,
sha256,64,79,500,50000,100,50000,3149181,,,,,,
sha256,64,80,500,50000,100,50000,3148194,,,,,,
sha256,64,81,500,50000,100,50000,3149460,,,,,,
sha256,64,82,500,50000,100,50000,3148048,,,,,,
sha256,64,83,500,50000,100,50000,3148293,,,,,,
sha256,64,84,500,50000,100,50000,3148208,,,,,,
sha256,64,85,500,50000,100,50000,3148852,,,,,,
sha256,64,86,500,50000,100,50000,3148488,,,,,,
sha256,64,87,500,50000,100,50000,3147121,,,,,,
sha256,64,88,500,50000,100,50000,3149256,,,,,,
sha256,64,89,500,50000,100,50000,3148041,,,,,,
sha256,64,90,500,50000,100,50000,3150652,,,,,,
sha256,64,91,500,50000,100,50000,3152683,,,,,,
sha256,64,92,500,50000,100,50000,3157868,,,,,,
sha256,64,93,500,50000,100,50000,3155102,,,,,,
sha256,64,94,500,50000,100,50000,3147602,,,,,,
sha256,64,95,500,50000,100,50000,3156608,,,,,,
sha256,64,96,500,50000,100,50000,3149360,,,,,,
sha256,64,97,500,50000,100,50000,3147812,,,,,,
sha256,64,98,500,50000,100,50000,3149264,,,,,,
sha256,64,99,500,50000,100,50000,3148301,,,,,,
sha256,64,100,500,50000,100,50000,3147561,,,,,,
sha256,64,101,500,50000,100,50000,3148043,,,,,,
sha256,64,102,500,50000,100,50000,3146735,,,,,,
sha256,64,103,500,50000,100,50000,3146282,,,,,,
sha256,64,104,500,50000,100,50000,3147360,,,,,,
sha256,64,105,500,50000,100,50000,3148219,,,,,,
sha256,64,106,500,50000,100,50000,3147433,,,,,,
sha256,64,107,500,50000,100,50000,3146769,,,,,,
sha256,64,108,500,50000,100,50000,3150389,,,,,,
sha256,64,109,500,50000,100,50000,3147016,,,,,,
sha256,64,110,500,50000,100,50000,3148600,,,,,,
sha256,64,111,500,50000,100,50000,3147322,,,,,,
sha256,64,112,500,50000,100,50000,3147268,,,,,,
sha256,64,113,500,50000,100,50000,3149233,,,,,,
sha256,64,114,500,50000,100,50000,3147636,,,,,,
sha256,64,115,500,50000,100,50000,3150935,,,,,,
sha256,64,116,500,50000,100,50000,3158039,,,,,,
sha256,64,117,500,50000,100,50000,3161333,,,,,,
sha256,64,118,500,50000,100,50000,3156746,,,,,,
sha256,64,119,500,50000,100,50000,3148804,,,,,,
sha256,64,120,500,50000,100,50000,3148125,,,,,,
sha256,64,121,500,50000,100,50000,3148858,,,,,,
sha256,64,122,500,50000,100,50000,3146435,,,,,,
sha256,64,123,500,50000,100,50000,3148377,,,,,,
sha256,64,124,500,50000,100,50000,3510648,,,,,,
sha256,64,125,500,50000,100,50000,3148441,,,,,,
sha256,64,126,500,50000,100,50000,3150014,,,,,,
sha256,64,127,500,50000,100,50000,3144611,,,,,,
sha256,2048,0,30,3000,100,3000,2677878,,,,,,
sha256,2048,1,30,3000,100,3000,2680001,,,,,,
sha256,2048,2,30,3000,100,3000,2679995,,,,,,
sha256,2048,3,30,3000,100,3000,2677991,,,,,,
sha256,2048,4,30,3000,100,3000,2679618,,,,,,
sha256,2048,5,30,3000,100,3000,2680127,,,,,,
sha256,2048,6,30,3000,100,3000,2677931,,,,,,
sha256,2048,7,30,3000,100,3000,2679502,,,,,,
sha256,2048,8,30,3000,100,3000,2679864,,,,,,
sha256,2048,9,30,3000,100,3000,2677934,,,,,,
sha256,2048,10,30,3000,100,3000,2680457,,,,,,
sha256,2048,11,30,3000,100,3000,2681428,,,,,,
sha256,2048,12,30,3000,100,3000,2678249,,,,,,
sha256,2048,13,30,3000,100,3000,2680113,,,,,,
sha256,2048,14,30,3000,100,3000,2683796,,,,,,
sha256,2048,15,30,3000,100,3000,2681108,,,,,,
sha256,2048,16,30,3000,100,3000,2690352,,,,,,
sha256,2048,17,30,3000,100,3000,2688715,,,,,,
sha256,2048,18,30,3000,100,3000,2677939,,,,,,
sha256,2048,19,30,3000,100,3000,2680298,,,,,,
sha256,2048,20,30,3000,100,3000,2679605,,,,,,
sha256,2048,21,30,3000,100,3000,2677916,,,,,,
sha256,2048,22,30,3000,100,3000,2681319,,,,,,
sha256,2048,23,30,3000,100,3000,2680766,,,,,,
sha256,2048,24,30,3000,100,3000,2679318,,,,,,
sha256,2048,25,30,3000,100,3000,3045029,,,,,,
sha256,2048,26,30,3000,100,3000,2678743,,,,,,
sha256,2048,27,30,3000,100,3000,2679391,,,,,,
sha256,2048,28,30,3000,100,3000,2680483,,,,,,
sha256,2048,29,30,3000,100,3000,2678307,,,,,,
sha256,2048,30,30,3000,100,3000,2679099,,,,,,
sha256,2048,31,30,3000,100,3000,2680117,,,,,,
sha256,2048,32,30,3000,100,3000,2677924,,,,,,
sha256,2048,33,30,3000,100,3000,2679255,,,,,,
sha256,2048,34,30,3000,100,3000,2681117,,,,,,
sha256,2048,35,30,3000,100,3000,2677946,,,,,,
sha256,2048,36,30,3000,100,3000,2679327,,,,,,
sha256,2048,37,30,3000,100,3000,2680270,,,,,,
sha256,2048,38,30,3000,100,3000,2678705,,,,,,
sha256,2048,39,30,3000,100,3000,2679471,,,,,,
sha256,2048,40,30,3000,100,3000,2684662,,,,,,
sha256,2048,41,30,3000,100,3000,2678241,,,,,,
sha256,2048,42,30,3000,100,3000,2679443,,,,,,
sha256,2048,43,30,3000,100,3000,2681303,,,,,,
sha256,2048,44,30,3000,100,3000,2680433,,,,,,
sha256,2048,45,30,3000,100,3000,2690022,,,,,,
sha256,2048,46,30,3000,100,3000,2695536,,,,,,
sha256,2048,47,30,3000,100,3000,2683181,,,,,,
sha256,2048,48,30,3000,100,3000,2680179,,,,,,
sha256,2048,49,30,3000,100,3000,2679523,,,,,,
sha256,2048,50,30,3000,100,3000,2680274,,,,,,
sha256,2048,51,30,3000,100,3000,2677898,,,,,,
sha256,2048,52,30,3000,100,3000,2679396,,,,,,
sha256,2048,53,30,3000,100,3000,2680811,,,,,,
sha256,2048,54,30,3000,100,3000,2678887,,,,,,
sha256,2048,55,30,3000,100,3000,2679362,,,,,,
sha256,2048,56,30,3000,100,3000,3045153,,,,,,
sha256,2048,57,30,3000,100,3000,2680075,,,,,,
sha256,2048,58,30,3000,100,3000,2677920,,,,,,
sha256,2048,59,30,3000,100,3000,2680579,,,,,,
sha256,2048,60,30,3000,100,3000,2679238,,,,,,
sha256,2048,61,30,3000,100,3000,2677784,,,,,,
sha256,2048,62,30,3000,100,3000,2680578,,,,,,
sha256,2048,63,30,3000,100,3000,2679439,,,,,,
sha256,2048,64,30,3000,100,3000,2677418,,,,,,
sha256,2048,65,30,3000,100,3000,2680895,,,,,,
sha256,2048,66,30,3000,100,3000,2679412,,,,,,
sha256,2048,67,30,3000,100,3000,2679768,,,,,,
sha256,2048,68,30,3000,100,3000,2678480,,,,,,
sha256,2048,69,30,3000,100,3000,2679238,,,,,,
sha256,2048,70,30,3000,100,3000,2679459,,,,,,
sha256,2048,71,30,3000,100,3000,2678820,,,,,,
sha256,2048,72,30,3000,100,3000,2679875,,,,,,
sha256,2048,73,30,3000,100,3000,2682302,,,,,,
sha256,2048,74,30,3000,100,3000,2679122,,,,,,
sha256,2048,75,30,3000,100,3000,2691722,,,,,,
sha256,2048,76,30,3000,100,3000,2688660,,,,,,
sha256,2048,77,30,3000,100,3000,2678894,,,,,,
sha256,2048,78,30,3000,100,3000,2680971,,,,,,
sha256,2048,79,30,3000,100,3000,2679668,,,,,,
sha256,2048,80,30,3000,100,3000,2682182,,,,,,
sha256,2048,81,30,3000,100,3000,3049665,,,,,,
sha256,2048,82,30,3000,100,3000,2679262,,,,,,
sha256,2048,83,30,3000,100,3000,2679277,,,,,,
sha256,2048,84,30,3000,100,3000,2679349,,,,,,
sha256,2048,85,30,3000,100,3000,2679845,,,,,,
sha256,2048,86,30,3000,100,3000,2679534,,,,,,
sha256,2048,87,30,3000,100,3000,2678375,,,,,,
sha256,2048,88,30,3000,100,3000,2680046,,,,,,
sha256,2048,89,30,3000,100,3000,2679323,,,,,,
sha256,2048,90,30,3000,100,3000,2679989,,,,,,
sha256,2048,91,30,3000,100,3000,2677860,,,,,,
sha256,2048,92,30,3000,100,3000,2679334,,,,,,
sha256,2048,93,30,3000,100,3000,2680431,,,,,,
sha256,2048,94,30,3000,100,3000,2677937,,,,,,
sha256,2048,95,30,3000,100,3000,2679222,,,,,,
sha256,2048,96,30,3000,100,3000,2680622,,,,,,
sha256,2048,97,30,3000,100,3000,2677867,,,,,,
sha256,2048,98,30,3000,100,3000,2679235,,,,,,
sha256,2048,99,30,3000,100,3000,2680480,,,,,,
sha256,2048,100,30,3000,100,3000,2678053,,,,,,
sha256,2048,101,30,3000,100,3000,2679624,,,,,,
sha256,2048,102,30,3000,100,3000,2680654,,,,,,
sha256,2048,103,30,3000,100,3000,2679101,,,,,,
sha256,2048,104,30,3000,100,3000,2683659,,,,,,
sha256,2048,105,30,3000,100,3000,2691657,,,,,,
sha256,2048,106,30,3000,100,3000,2686218,,,,,,
sha256,2048,107,30,3000,100,3000,2679660,,,,,,
sha256,2048,108,30,3000,100,3000,2680650,,,,,,
sha256,2048,109,30,3000,100,3000,2678311,,,,,,
sha256,2048,110,30,3000,100,3000,2680167,,,,,,
sha256,2048,111,30,3000,100,3000,2680489,,,,,,
sha256,2048,112,30,3000,100,3000,3049640,,,,,,
sha256,2048,113,30,3000,100,3000,2679829,,,,,,
sha256,2048,114,30,3000,100,3000,2678515,,,,,,
sha256,2048,115,30,3000,100,3000,2679557,,,,,,
sha256,2048,116,30,3000,100,3000,2679753,,,,,,
sha256,2048,117,30,3000,100,3000,2678724,,,,,,
sha256,2048,118,30,3000,100,3000,2679398,,,,,,
sha256,2048,119,30,3000,100,3000,2679765,,,,,,
sha256,2048,120,30,3000,100,3000,2678536,,,,,,
sha256,2048,121,30,3000,100,3000,2682446,,,,,,
sha256,2048,122,30,3000,100,3000,2679691,,,,,,
sha256,2048,123,30,3000,100,3000,2678409,,,,,,
sha256,2048,124,30,3000,100,3000,2679576,,,,,,
sha256,2048,125,30,3000,100,3000,2679513,,,,,,
sha256,2048,126,30,3000,100,3000,2678388,,,,,,
sha256,2048,127,30,3000,100,3000,2679349,,,,,,
sha256,102400,0,2,200,100,200,8586811,,,,,,
sha256,102400,1,2,200,100,200,8596365,,,,,,
sha256,102400,2,2,200,100,200,8587808,,,,,,
sha256,102400,3,2,200,100,200,8940640,,,,,,
sha256,102400,4,2,200,100,200,8573173,,,,,,
sha256,102400,5,2,200,100,200,8574581,,,,,,
sha256,102400,6,2,200,100,200,8578930,,,,,,
sha256,102400,7,2,200,100,200,8574714,,,,,,
sha256,102400,8,2,200,100,200,8573153,,,,,,
sha256,102400,9,2,200,100,200,8581646,,,,,,
sha256,102400,10,2,200,100,200,8591759,,,,,,
sha256,102400,11,2,200,100,200,8623566,,,,,,
sha256,102400,12,2,200,100,200,8778857,,,,,,
sha256,102400,13,2,200,100,200,8634187,,,,,,
sha256,102400,14,2,200,100,200,8594395,,,,,,
sha256,102400,15,2,200,100,200,8578363,,,,,,
sha256,102400,16,2,200,100,200,8581619,,,,,,
sha256,102400,17,2,200,100,200,8579097,,,,,,
sha256,102400,18,2,200,100,200,8663337,,,,,,
sha256,102400,19,2,200,100,200,8625987,,,,,,
sha256,102400,20,2,200,100,200,8610064,,,,,,
sha256,102400,21,2,200,100,200,8589576,,,,,,
sha256,102400,22,2,200,100,200,8578728,,,,,,
sha256,102400,23,2,200,100,200,8939705,,,,,,
sha256,102400,24,2,200,100,200,8576231,,,,,,
sha256,102400,25,2,200,100,200,8616352,,,,,,
sha256,102400,26,2,200,100,200,8580555,,,,,,
sha256,102400,27,2,200,100,200,8575389,,,,,,
sha256,102400,28,2,200,100,200,8652436,,,,,,
sha256,102400,29,2,200,100,200,8608632,,,,,,
sha256,102400,30,2,200,100,200,8951982,,,,,,
sha256,102400,31,2,200,100,200,8579307,,,,,,
sha256,102400,32,2,200,100,200,8578237,,,,,,
sha256,102400,33,2,200,100,200,8570361,,,,,,
sha256,102400,34,2,200,100,200,8574346,,,,,,
sha256,102400,35,2,200,100,200,8570613,,,,,,
sha256,102400,36,2,200,100,200,8635502,,,,,,
sha256,102400,37,2,200,100,200,8577874,,,,,,
sha256,102400,38,2,200,100,200,8591519,,,,,,
sha256,102400,39,2,200,100,200,8575036,,,,,,
sha256,102400,40,2,200,100,200,8942630,,,,,,
sha256,102400,41,2,200,100,200,8572625,,,,,,
sha256,102400,42,2,200,100,200,8572100,,,,,,
sha256,102400,43,2,200,100,200,8572001,,,,,,
sha256,102400,44,2,200,100,200,8571448,,,,,,
sha256,102400,45,2,200,100,200,8574357,,,,,,
sha256,102400,46,2,200,100,200,8592891,,,,,,
sha256,102400,47,2,200,100,200,8584933,,,,,,
sha256,102400,48,2,200,100,200,8603645,,,,,,
sha256,102400,49,2,200,100,200,8593457,,,,,,
sha256,102400,50,2,200,100,200,8938402,,,,,,
sha256,102400,51,2,200,100,200,8571417,,,,,,
sha256,102400,52,2,200,100,200,8572486,,,,,,
sha256,102400,53,2,200,100,200,8571926,,,,,,
sha256,102400,54,2,200,100,200,8573940,,,,,,
sha256,102400,55,2,200,100,200,8573469,,,,,,
sha256,102400,56,2,200,100,200,8576515,,,,,,
sha256,102400,57,2,200,100,200,8588192,,,,,,
sha256,102400,58,2,200,100,200,8587743,,,,,,
sha256,102400,59,2,200,100,200,8935267,,,,,,
sha256,102400,60,2,200,100,200,8572663,,,,,,
sha256,102400,61,2,200,100,200,8571175,,,,,,
sha256,102400,62,2,200,100,200,8570734,,,,,,
sha256,102400,63,2,200,100,200,8572964,,,,,,
sha256,102400,64,2,200,100,200,8570726,,,,,,
sha256,102400,65,2,200,100,200,8586023,,,,,,
sha256,102400,66,2,200,100,200,8590269,,,,,,
sha256,102400,67,2,200,100,200,8572186,,,,,,
sha256,102400,68,2,200,100,200,8574524,,,,,,
sha256,102400,69,2,200,100,200,8936283,,,,,,
sha256,102400,70,2,200,100,200,8570420,,,,,,
sha256,102400,71,2,200,100,200,8571378,,,,,,
sha256,102400,72,2,200,100,200,8570924,,,,,,
sha256,102400,73,2,200,100,200,8572524,,,,,,
sha256,102400,74,2,200,100,200,8574446,,,,,,
sha256,102400,75,2,200,100,200,8585650,,,,,,
sha256,102400,76,2,200,100,200,8582567,,,,,,
sha256,102400,77,2,200,100,200,8942022,,,,,,
sha256,102400,78,2,200,100,200,8572767,,,,,,
sha256,102400,79,2,200,100,200,8572096,,,,,,
sha256,102400,80,2,200,100,200,8583282,,,,,,
sha256,102400,81,2,200,100,200,8571614,,,,,,
sha256,102400,82,2,200,100,200,8573748,,,,,,
sha256,102400,83,2,200,100,200,8573632,,,,,,
sha256,102400,84,2,200,100,200,8587489,,,,,,
sha256,102400,85,2,200,100,200,8582727,,,,,,
sha256,102400,86,2,200,100,200,8600038,,,,,,
sha256,102400,87,2,200,100,200,8571804,,,,,,
sha256,102400,88,2,200,100,200,8573439,,,,,,
sha256,102400,89,2,200,100,200,8570184,,,,,,
sha256,102400,90,2,200,100,200,8572417,,,,,,
sha256,102400,91,2,200,100,200,8571436,,,,,,
sha256,102400,92,2,200,100,200,8572484,,,,,,
sha256,102400,93,2,200,100,200,8576163,,,,,,
sha256,102400,94,2,200,100,200,8590676,,,,,,
sha256,102400,95,2,200,100,200,8583771,,,,,,
sha256,102400,96,2,200,100,200,8938198,,,,,,
sha256,102400,97,2,200,100,200,8569999,,,,,,
sha256,102400,98,2,200,100,200,8571636,,,,,,
sha256,102400,99,2,200,100,200,8571909,,,,,,
sha256,102400,100,2,200,100,200,8570204,,,,,,
sha256,102400,101,2,200,100,200,8573440,,,,,,
sha256,102400,102,2,200,100,200,8572668,,,,,,
sha256,102400,103,2,200,100,200,8586332,,,,,,
sha256,102400,104,2,200,100,200,8573847,,,,,,
sha256,102400,105,2,200,100,200,8577322,,,,,,
sha256,102400,106,2,200,100,200,8937276,,,,,,
sha256,102400,107,2,200,100,200,8574207,,,,,,
sha256,102400,108,2,200,100,200,8573638,,,,,,
sha256,102400,109,2,200,100,200,8574350,,,,,,
sha256,102400,110,2,200,100,200,8581707,,,,,,
sha256,102400,111,2,200,100,200,8575008,,,,,,
sha256,102400,112,2,200,100,200,8577293,,,,,,
sha256,102400,113,2,200,100,200,8582014,,,,,,
sha256,102400,114,2,200,100,200,8572216,,,,,,
sha256,102400,115,2,200,100,200,8571942,,,,,,
sha256,102400,116,2,200,100,200,8934823,,,,,,
sha256,102400,117,2,200,100,200,8571845,,,,,,
sha256,102400,118,2,200,100,200,8570293,,,,,,
sha256,102400,119,2,200,100,200,8572821,,,,,,
sha256,102400,120,2,200,100,200,8571766,,,,,,
sha256,102400,121,2,200,100,200,8575948,,,,,,
sha256,102400,122,2,200,100,200,8583455,,,,,,
sha256,102400,123,2,200,100,200,8941447,,,,,,
sha256,102400,124,2,200,100,200,8572082,,,,,,
sha256,102400,125,2,200,100,200,8571127,,,,,,
sha256,102400,126,2,200,100,200,8570893,,,,,,
sha256,102400,127,2,200,100,200,8576479,,,,,,
blake3-servil-st,64,0,500,50000,106,53000,2297722,,,,,,
blake3-servil-st,64,1,500,50000,106,53000,2293304,,,,,,
blake3-servil-st,64,2,500,50000,106,53000,2290089,,,,,,
blake3-servil-st,64,3,500,50000,106,53000,2289450,,,,,,
blake3-servil-st,64,4,500,50000,106,53000,2662806,,,,,,
blake3-servil-st,64,5,500,50000,106,53000,2290894,,,,,,
blake3-servil-st,64,6,500,50000,106,53000,2296351,,,,,,
blake3-servil-st,64,7,500,50000,106,53000,2303927,,,,,,
blake3-servil-st,64,8,500,50000,106,53000,2332809,,,,,,
blake3-servil-st,64,9,500,50000,106,53000,2305245,,,,,,
blake3-servil-st,64,10,500,50000,106,53000,2302864,,,,,,
blake3-servil-st,64,11,500,50000,106,53000,2307766,,,,,,
blake3-servil-st,64,12,500,50000,106,53000,2305145,,,,,,
blake3-servil-st,64,13,500,50000,106,53000,2297489,,,,,,
blake3-servil-st,64,14,500,50000,106,53000,2288080,,,,,,
blake3-servil-st,64,15,500,50000,106,53000,2288694,,,,,,
blake3-servil-st,64,16,500,50000,106,53000,2300833,,,,,,
blake3-servil-st,64,17,500,50000,106,53000,2292918,,,,,,
blake3-servil-st,64,18,500,50000,106,53000,2292582,,,,,,
blake3-servil-st,64,19,500,50000,106,53000,2669577,,,,,,
blake3-servil-st,64,20,500,50000,106,53000,2292960,,,,,,
blake3-servil-st,64,21,500,50000,106,53000,2296867,,,,,,
blake3-servil-st,64,22,500,50000,106,53000,2292406,,,,,,
blake3-servil-st,64,23,500,50000,106,53000,2293013,,,,,,
blake3-servil-st,64,24,500,50000,106,53000,2290716,,,,,,
blake3-servil-st,64,25,500,50000,106,53000,2289219,,,,,,
blake3-servil-st,64,26,500,50000,106,53000,2291270,,,,,,
blake3-servil-st,64,27,500,50000,106,53000,2291341,,,,,,
blake3-servil-st,64,28,500,50000,106,53000,2291516,,,,,,
blake3-servil-st,64,29,500,50000,106,53000,2293199,,,,,,
blake3-servil-st,64,30,500,50000,106,53000,2293621,,,,,,
blake3-servil-st,64,31,500,50000,106,53000,2291960,,,,,,
blake3-servil-st,64,32,500,50000,106,53000,2295713,,,,,,
blake3-servil-st,64,33,500,50000,106,53000,2291900,,,,,,
blake3-servil-st,64,34,500,50000,106,53000,2292605,,,,,,
blake3-servil-st,64,35,500,50000,106,53000,2294963,,,,,,
blake3-servil-st,64,36,500,50000,106,53000,2282413,,,,,,
blake3-servil-st,64,37,500,50000,106,53000,2285787,,,,,,
blake3-servil-st,64,38,500,50000,106,53000,2294935,,,,,,
blake3-servil-st,64,39,500,50000,106,53000,2293617,,,,,,
blake3-servil-st,64,40,500,50000,106,53000,2290746,,,,,,
blake3-servil-st,64,41,500,50000,106,53000,2290481,,,,,,
blake3-servil-st,64,42,500,50000,106,53000,2295940,,,,,,
blake3-servil-st,64,43,500,50000,106,53000,2307165,,,,,,
blake3-servil-st,64,44,500,50000,106,53000,2294256,,,,,,
blake3-servil-st,64,45,500,50000,106,53000,2301378,,,,,,
blake3-servil-st,64,46,500,50000,106,53000,2299555,,,,,,
blake3-servil-st,64,47,500,50000,106,53000,2297153,,,,,,
blake3-servil-st,64,48,500,50000,106,53000,2292401,,,,,,
blake3-servil-st,64,49,500,50000,106,53000,2293335,,,,,,
blake3-servil-st,64,50,500,50000,106,53000,2292277,,,,,,
blake3-servil-st,64,51,500,50000,106,53000,2292402,,,,,,
blake3-servil-st,64,52,500,50000,106,53000,2296504,,,,,,
blake3-servil-st,64,53,500,50000,106,53000,2294599,,,,,,
blake3-servil-st,64,54,500,50000,106,53000,2292282,,,,,,
blake3-servil-st,64,55,500,50000,106,53000,2657388,,,,,,
blake3-servil-st,64,56,500,50000,106,53000,2292555,,,,,,
blake3-servil-st,64,57,500,50000,106,53000,2285906,,,,,,
blake3-servil-st,64,58,500,50000,106,53000,2286086,,,,,,
blake3-servil-st,64,59,500,50000,106,53000,2291706,,,,,,
blake3-servil-st,64,60,500,50000,106,53000,2290049,,,,,,
blake3-servil-st,64,61,500,50000,106,53000,2287128,,,,,,
blake3-servil-st,64,62,500,50000,106,53000,2289537,,,,,,
blake3-servil-st,64,63,500,50000,106,53000,2291909,,,,,,
blake3-servil-st,64,64,500,50000,106,53000,2293031,,,,,,
blake3-servil-st,64,65,500,50000,106,53000,2291700,,,,,,
blake3-servil-st,64,66,500,50000,106,53000,2291456,,,,,,
blake3-servil-st,64,67,500,50000,106,53000,2293111,,,,,,
blake3-servil-st,64,68,500,50000,106,53000,2291949,,,,,,
blake3-servil-st,64,69,500,50000,106,53000,2283507,,,,,,
blake3-servil-st,64,70,500,50000,106,53000,2312512,,,,,,
blake3-servil-st,64,71,500,50000,106,53000,2297015,,,,,,
blake3-servil-st,64,72,500,50000,106,53000,2292217,,,,,,
blake3-servil-st,64,73,500,50000,106,53000,2293331,,,,,,
blake3-servil-st,64,74,500,50000,106,53000,2295489,,,,,,
blake3-servil-st,64,75,500,50000,106,53000,2294515,,,,,,
blake3-servil-st,64,76,500,50000,106,53000,2288164,,,,,,
blake3-servil-st,64,77,500,50000,106,53000,2293721,,,,,,
blake3-servil-st,64,78,500,50000,106,53000,2294593,,,,,,
blake3-servil-st,64,79,500,50000,106,53000,2296324,,,,,,
blake3-servil-st,64,80,500,50000,106,53000,2292214,,,,,,
blake3-servil-st,64,81,500,50000,106,53000,2307468,,,,,,
blake3-servil-st,64,82,500,50000,106,53000,2299930,,,,,,
blake3-servil-st,64,83,500,50000,106,53000,2288012,,,,,,
blake3-servil-st,64,84,500,50000,106,53000,2293545,,,,,,
blake3-servil-st,64,85,500,50000,106,53000,2289595,,,,,,
blake3-servil-st,64,86,500,50000,106,53000,2292056,,,,,,
blake3-servil-st,64,87,500,50000,106,53000,2294031,,,,,,
blake3-servil-st,64,88,500,50000,106,53000,2291520,,,,,,
blake3-servil-st,64,89,500,50000,106,53000,2291895,,,,,,
blake3-servil-st,64,90,500,50000,106,53000,2293648,,,,,,
blake3-servil-st,64,91,500,50000,106,53000,2654998,,,,,,
blake3-servil-st,64,92,500,50000,106,53000,2291415,,,,,,
blake3-servil-st,64,93,500,50000,106,53000,2283870,,,,,,
blake3-servil-st,64,94,500,50000,106,53000,2291572,,,,,,
blake3-servil-st,64,95,500,50000,106,53000,2285785,,,,,,
blake3-servil-st,64,96,500,50000,106,53000,2288690,,,,,,
blake3-servil-st,64,97,500,50000,106,53000,2293358,,,,,,
blake3-servil-st,64,98,500,50000,106,53000,2293520,,,,,,
blake3-servil-st,64,99,500,50000,106,53000,2346570,,,,,,
blake3-servil-st,64,100,500,50000,106,53000,2293089,,,,,,
blake3-servil-st,64,101,500,50000,106,53000,2294107,,,,,,
blake3-servil-st,64,102,500,50000,106,53000,2291669,,,,,,
blake3-servil-st,64,103,500,50000,106,53000,2295599,,,,,,
blake3-servil-st,64,104,500,50000,106,53000,2288913,,,,,,
blake3-servil-st,64,105,500,50000,106,53000,2288666,,,,,,
blake3-servil-st,64,106,500,50000,106,53000,2291961,,,,,,
blake3-servil-st,64,107,500,50000,106,53000,2295903,,,,,,
blake3-servil-st,64,108,500,50000,106,53000,2292610,,,,,,
blake3-servil-st,64,109,500,50000,106,53000,2293552,,,,,,
blake3-servil-st,64,110,500,50000,106,53000,2293227,,,,,,
blake3-servil-st,64,111,500,50000,106,53000,2284320,,,,,,
blake3-servil-st,64,112,500,50000,106,53000,2290464,,,,,,
blake3-servil-st,64,113,500,50000,106,53000,2298293,,,,,,
blake3-servil-st,64,114,500,50000,106,53000,2299419,,,,,,
blake3-servil-st,64,115,500,50000,106,53000,2291037,,,,,,
blake3-servil-st,64,116,500,50000,106,53000,2302830,,,,,,
blake3-servil-st,64,117,500,50000,106,53000,2305496,,,,,,
blake3-servil-st,64,118,500,50000,106,53000,2292778,,,,,,
blake3-servil-st,64,119,500,50000,106,53000,2291384,,,,,,
blake3-servil-st,64,120,500,50000,106,53000,2290624,,,,,,
blake3-servil-st,64,121,500,50000,106,53000,2287236,,,,,,
blake3-servil-st,64,122,500,50000,106,53000,2294486,,,,,,
blake3-servil-st,64,123,500,50000,106,53000,2282723,,,,,,
blake3-servil-st,64,124,500,50000,106,53000,2288935,,,,,,
blake3-servil-st,64,125,500,50000,106,53000,2285336,,,,,,
blake3-servil-st,64,126,500,50000,106,53000,2292562,,,,,,
blake3-servil-st,64,127,500,50000,106,53000,2653135,,,,,,
blake3-servil-st,2048,0,30,3000,106,3180,2412759,,,,,,
blake3-servil-st,2048,1,30,3000,106,3180,2407812,,,,,,
blake3-servil-st,2048,2,30,3000,106,3180,2410338,,,,,,
blake3-servil-st,2048,3,30,3000,106,3180,2411451,,,,,,
blake3-servil-st,2048,4,30,3000,106,3180,2408848,,,,,,
blake3-servil-st,2048,5,30,3000,106,3180,2416334,,,,,,
blake3-servil-st,2048,6,30,3000,106,3180,2408831,,,,,,
blake3-servil-st,2048,7,30,3000,106,3180,2412541,,,,,,
blake3-servil-st,2048,8,30,3000,106,3180,2413383,,,,,,
blake3-servil-st,2048,9,30,3000,106,3180,2413996,,,,,,
blake3-servil-st,2048,10,30,3000,106,3180,2417986,,,,,,
blake3-servil-st,2048,11,30,3000,106,3180,2409015,,,,,,
blake3-servil-st,2048,12,30,3000,106,3180,2411489,,,,,,
blake3-servil-st,2048,13,30,3000,106,3180,2412151,,,,,,
blake3-servil-st,2048,14,30,3000,106,3180,2413079,,,,,,
blake3-servil-st,2048,15,30,3000,106,3180,2411136,,,,,,
blake3-servil-st,2048,16,30,3000,106,3180,2409158,,,,,,
blake3-servil-st,2048,17,30,3000,106,3180,2411360,,,,,,
blake3-servil-st,2048,18,30,3000,106,3180,2411708,,,,,,
blake3-servil-st,2048,19,30,3000,106,3180,2414276,,,,,,
blake3-servil-st,2048,20,30,3000,106,3180,2418863,,,,,,
blake3-servil-st,2048,21,30,3000,106,3180,2412332,,,,,,
blake3-servil-st,2048,22,30,3000,106,3180,2421589,,,,,,
blake3-servil-st,2048,23,30,3000,106,3180,2411259,,,,,,
blake3-servil-st,2048,24,30,3000,106,3180,2419754,,,,,,
blake3-servil-st,2048,25,30,3000,106,3180,2416378,,,,,,
blake3-servil-st,2048,26,30,3000,106,3180,2411126,,,,,,
blake3-servil-st,2048,27,30,3000,106,3180,2413499,,,,,,
blake3-servil-st,2048,28,30,3000,106,3180,2412176,,,,,,
blake3-servil-st,2048,29,30,3000,106,3180,2416014,,,,,,
blake3-servil-st,2048,30,30,3000,106,3180,2410554,,,,,,
blake3-servil-st,2048,31,30,3000,106,3180,2408842,,,,,,
blake3-servil-st,2048,32,30,3000,106,3180,2411665,,,,,,
blake3-servil-st,2048,33,30,3000,106,3180,2409543,,,,,,
blake3-servil-st,2048,34,30,3000,106,3180,2413500,,,,,,
blake3-servil-st,2048,35,30,3000,106,3180,2412650,,,,,,
blake3-servil-st,2048,36,30,3000,106,3180,2410740,,,,,,
blake3-servil-st,2048,37,30,3000,106,3180,2414485,,,,,,
blake3-servil-st,2048,38,30,3000,106,3180,2409205,,,,,,
blake3-servil-st,2048,39,30,3000,106,3180,2413668,,,,,,
blake3-servil-st,2048,40,30,3000,106,3180,2410440,,,,,,
blake3-servil-st,2048,41,30,3000,106,3180,2413011,,,,,,
blake3-servil-st,2048,42,30,3000,106,3180,2410603,,,,,,
blake3-servil-st,2048,43,30,3000,106,3180,2410902,,,,,,
blake3-servil-st,2048,44,30,3000,106,3180,2415325,,,,,,
blake3-servil-st,2048,45,30,3000,106,3180,2412534,,,,,,
blake3-servil-st,2048,46,30,3000,106,3180,2413976,,,,,,
blake3-servil-st,2048,47,30,3000,106,3180,2410712,,,,,,
blake3-servil-st,2048,48,30,3000,106,3180,2408639,,,,,,
blake3-servil-st,2048,49,30,3000,106,3180,2413992,,,,,,
blake3-servil-st,2048,50,30,3000,106,3180,2411274,,,,,,
blake3-servil-st,2048,51,30,3000,106,3180,2425220,,,,,,
blake3-servil-st,2048,52,30,3000,106,3180,2412449,,,,,,
blake3-servil-st,2048,53,30,3000,106,3180,2425623,,,,,,
blake3-servil-st,2048,54,30,3000,106,3180,2412116,,,,,,
blake3-servil-st,2048,55,30,3000,106,3180,2418093,,,,,,
blake3-servil-st,2048,56,30,3000,106,3180,2414095,,,,,,
blake3-servil-st,2048,57,30,3000,106,3180,2413678,,,,,,
blake3-servil-st,2048,58,30,3000,106,3180,2412174,,,,,,
blake3-servil-st,2048,59,30,3000,106,3180,2409212,,,,,,
blake3-servil-st,2048,60,30,3000,106,3180,2784629,,,,,,
blake3-servil-st,2048,61,30,3000,106,3180,2408869,,,,,,
blake3-servil-st,2048,62,30,3000,106,3180,2412961,,,,,,
blake3-servil-st,2048,63,30,3000,106,3180,2409079,,,,,,
blake3-servil-st,2048,64,30,3000,106,3180,2409654,,,,,,
blake3-servil-st,2048,65,30,3000,106,3180,2412750,,,,,,
blake3-servil-st,2048,66,30,3000,106,3180,2408726,,,,,,
blake3-servil-st,2048,67,30,3000,106,3180,2413878,,,,,,
blake3-servil-st,2048,68,30,3000,106,3180,2410935,,,,,,
blake3-servil-st,2048,69,30,3000,106,3180,2411200,,,,,,
blake3-servil-st,2048,70,30,3000,106,3180,2411181,,,,,,
blake3-servil-st,2048,71,30,3000,106,3180,2410710,,,,,,
blake3-servil-st,2048,72,30,3000,106,3180,2416044,,,,,,
blake3-servil-st,2048,73,30,3000,106,3180,2408800,,,,,,
blake3-servil-st,2048,74,30,3000,106,3180,2412587,,,,,,
blake3-servil-st,2048,75,30,3000,106,3180,2409242,,,,,,
blake3-servil-st,2048,76,30,3000,106,3180,2415031,,,,,,
blake3-servil-st,2048,77,30,3000,106,3180,2415722,,,,,,
blake3-servil-st,2048,78,30,3000,106,3180,2410862,,,,,,
blake3-servil-st,2048,79,30,3000,106,3180,2414210,,,,,,
blake3-servil-st,2048,80,30,3000,106,3180,2410154,,,,,,
blake3-servil-st,2048,81,30,3000,106,3180,2410188,,,,,,
blake3-servil-st,2048,82,30,3000,106,3180,2414248,,,,,,
blake3-servil-st,2048,83,30,3000,106,3180,2411032,,,,,,
blake3-servil-st,2048,84,30,3000,106,3180,2414570,,,,,,
blake3-servil-st,2048,85,30,3000,106,3180,2411043,,,,,,
blake3-servil-st,2048,86,30,3000,106,3180,2424441,,,,,,
blake3-servil-st,2048,87,30,3000,106,3180,2417202,,,,,,
blake3-servil-st,2048,88,30,3000,106,3180,2417701,,,,,,
blake3-servil-st,2048,89,30,3000,106,3180,2411427,,,,,,
blake3-servil-st,2048,90,30,3000,106,3180,2410520,,,,,,
blake3-servil-st,2048,91,30,3000,106,3180,2412000,,,,,,
blake3-servil-st,2048,92,30,3000,106,3180,2409791,,,,,,
blake3-servil-st,2048,93,30,3000,106,3180,2412273,,,,,,
blake3-servil-st,2048,94,30,3000,106,3180,2412356,,,,,,
blake3-servil-st,2048,95,30,3000,106,3180,2410509,,,,,,
blake3-servil-st,2048,96,30,3000,106,3180,2417207,,,,,,
blake3-servil-st,2048,97,30,3000,106,3180,2415264,,,,,,
blake3-servil-st,2048,98,30,3000,106,3180,2407497,,,,,,
blake3-servil-st,2048,99,30,3000,106,3180,2411275,,,,,,
blake3-servil-st,2048,100,30,3000,106,3180,2411530,,,,,,
blake3-servil-st,2048,101,30,3000,106,3180,2420248,,,,,,
blake3-servil-st,2048,102,30,3000,106,3180,2408260,,,,,,
blake3-servil-st,2048,103,30,3000,106,3180,2412533,,,,,,
blake3-servil-st,2048,104,30,3000,106,3180,2408367,,,,,,
blake3-servil-st,2048,105,30,3000,106,3180,2410113,,,,,,
blake3-servil-st,2048,106,30,3000,106,3180,2418233,,,,,,
blake3-servil-st,2048,107,30,3000,106,3180,2412080,,,,,,
blake3-servil-st,2048,108,30,3000,106,3180,2410579,,,,,,
blake3-servil-st,2048,109,30,3000,106,3180,2409253,,,,,,
blake3-servil-st,2048,110,30,3000,106,3180,2411860,,,,,,
blake3-servil-st,2048,111,30,3000,106,3180,2411881,,,,,,
blake3-servil-st,2048,112,30,3000,106,3180,2410385,,,,,,
blake3-servil-st,2048,113,30,3000,106,3180,2413658,,,,,,
blake3-servil-st,2048,114,30,3000,106,3180,2409042,,,,,,
blake3-servil-st,2048,115,30,3000,106,3180,2409789,,,,,,
blake3-servil-st,2048,116,30,3000,106,3180,2411715,,,,,,
blake3-servil-st,2048,117,30,3000,106,3180,2414555,,,,,,
blake3-servil-st,2048,118,30,3000,106,3180,2415768,,,,,,
blake3-servil-st,2048,119,30,3000,106,3180,2413595,,,,,,
blake3-servil-st,2048,120,30,3000,106,3180,2425662,,,,,,
blake3-servil-st,2048,121,30,3000,106,3180,2414394,,,,,,
blake3-servil-st,2048,122,30,3000,106,3180,2414428,,,,,,
blake3-servil-st,2048,123,30,3000,106,3180,2412776,,,,,,
blake3-servil-st,2048,124,30,3000,106,3180,2413483,,,,,,
blake3-servil-st,2048,125,30,3000,106,3180,2418192,,,,,,
blake3-servil-st,2048,126,30,3000,106,3180,2409157,,,,,,
blake3-servil-st,2048,127,30,3000,106,3180,2414108,,,,,,
blake3-servil-st,102400,0,2,200,106,212,4009619,,,,,,
blake3-servil-st,102400,1,2,200,106,212,4008855,,,,,,
blake3-servil-st,102400,2,2,200,106,212,4010846,,,,,,
blake3-servil-st,102400,3,2,200,106,212,4009081,,,,,,
blake3-servil-st,102400,4,2,200,106,212,4011656,,,,,,
blake3-servil-st,102400,5,2,200,106,212,4009714,,,,,,
blake3-servil-st,102400,6,2,200,106,212,4006081,,,,,,
blake3-servil-st,102400,7,2,200,106,212,4008886,,,,,,
blake3-servil-st,102400,8,2,200,106,212,4005994,,,,,,
blake3-servil-st,102400,9,2,200,106,212,4010122,,,,,,
blake3-servil-st,102400,10,2,200,106,212,4007320,,,,,,
blake3-servil-st,102400,11,2,200,106,212,4010472,,,,,,
blake3-servil-st,102400,12,2,200,106,212,4101736,,,,,,
blake3-servil-st,102400,13,2,200,106,212,4109393,,,,,,
blake3-servil-st,102400,14,2,200,106,212,4052792,,,,,,
blake3-servil-st,102400,15,2,200,106,212,4011348,,,,,,
blake3-servil-st,102400,16,2,200,106,212,4009759,,,,,,
blake3-servil-st,102400,17,2,200,106,212,4009044,,,,,,
blake3-servil-st,102400,18,2,200,106,212,4054951,,,,,,
blake3-servil-st,102400,19,2,200,106,212,4010729,,,,,,
blake3-servil-st,102400,20,2,200,106,212,4381990,,,,,,
blake3-servil-st,102400,21,2,200,106,212,4012599,,,,,,
blake3-servil-st,102400,22,2,200,106,212,4008500,,,,,,
blake3-servil-st,102400,23,2,200,106,212,4008356,,,,,,
blake3-servil-st,102400,24,2,200,106,212,4008244,,,,,,
blake3-servil-st,102400,25,2,200,106,212,4008324,,,,,,
blake3-servil-st,102400,26,2,200,106,212,4010005,,,,,,
blake3-servil-st,102400,27,2,200,106,212,4007331,,,,,,
blake3-servil-st,102400,28,2,200,106,212,4020300,,,,,,
blake3-servil-st,102400,29,2,200,106,212,4016289,,,,,,
blake3-servil-st,102400,30,2,200,106,212,4013725,,,,,,
blake3-servil-st,102400,31,2,200,106,212,4090547,,,,,,
blake3-servil-st,102400,32,2,200,106,212,4103523,,,,,,
blake3-servil-st,102400,33,2,200,106,212,4098208,,,,,,
blake3-servil-st,102400,34,2,200,106,212,4106037,,,,,,
blake3-servil-st,102400,35,2,200,106,212,4092484,,,,,,
blake3-servil-st,102400,36,2,200,106,212,4091727,,,,,,
blake3-servil-st,102400,37,2,200,106,212,4090514,,,,,,
blake3-servil-st,102400,38,2,200,106,212,4091318,,,,,,
blake3-servil-st,102400,39,2,200,106,212,4091035,,,,,,
blake3-servil-st,102400,40,2,200,106,212,4095984,,,,,,
blake3-servil-st,102400,41,2,200,106,212,4090696,,,,,,
blake3-servil-st,102400,42,2,200,106,212,4090945,,,,,,
blake3-servil-st,102400,43,2,200,106,212,4090043,,,,,,
blake3-servil-st,102400,44,2,200,106,212,4091738,,,,,,
blake3-servil-st,102400,45,2,200,106,212,4091495,,,,,,
blake3-servil-st,102400,46,2,200,106,212,4090915,,,,,,
blake3-servil-st,102400,47,2,200,106,212,4089996,,,,,,
blake3-servil-st,102400,48,2,200,106,212,4091249,,,,,,
blake3-servil-st,102400,49,2,200,106,212,4090833,,,,,,
blake3-servil-st,102400,50,2,200,106,212,4092128,,,,,,
blake3-servil-st,102400,51,2,200,106,212,4107279,,,,,,
blake3-servil-st,102400,52,2,200,106,212,4093025,,,,,,
blake3-servil-st,102400,53,2,200,106,212,4111142,,,,,,
blake3-servil-st,102400,54,2,200,106,212,4101448,,,,,,
blake3-servil-st,102400,55,2,200,106,212,4092314,,,,,,
blake3-servil-st,102400,56,2,200,106,212,4091440,,,,,,
blake3-servil-st,102400,57,2,200,106,212,4091998,,,,,,
blake3-servil-st,102400,58,2,200,106,212,4091958,,,,,,
blake3-servil-st,102400,59,2,200,106,212,4091427,,,,,,
blake3-servil-st,102400,60,2,200,106,212,4153314,,,,,,
blake3-servil-st,102400,61,2,200,106,212,4180522,,,,,,
blake3-servil-st,102400,62,2,200,106,212,4180028,,,,,,
blake3-servil-st,102400,63,2,200,106,212,4177800,,,,,,
blake3-servil-st,102400,64,2,200,106,212,4179782,,,,,,
blake3-servil-st,102400,65,2,200,106,212,4176107,,,,,,
blake3-servil-st,102400,66,2,200,106,212,4180507,,,,,,
blake3-servil-st,102400,67,2,200,106,212,4177544,,,,,,
blake3-servil-st,102400,68,2,200,106,212,4178388,,,,,,
blake3-servil-st,102400,69,2,200,106,212,4176786,,,,,,
blake3-servil-st,102400,70,2,200,106,212,4178761,,,,,,
blake3-servil-st,102400,71,2,200,106,212,4138582,,,,,,
blake3-servil-st,102400,72,2,200,106,212,4098281,,,,,,
blake3-servil-st,102400,73,2,200,106,212,4105816,,,,,,
blake3-servil-st,102400,74,2,200,106,212,4092798,,,,,,
blake3-servil-st,102400,75,2,200,106,212,4114429,,,,,,
blake3-servil-st,102400,76,2,200,106,212,4107798,,,,,,
blake3-servil-st,102400,77,2,200,106,212,4107242,,,,,,
blake3-servil-st,102400,78,2,200,106,212,4098534,,,,,,
blake3-servil-st,102400,79,2,200,106,212,4092873,,,,,,
blake3-servil-st,102400,80,2,200,106,212,4092087,,,,,,
blake3-servil-st,102400,81,2,200,106,212,4090388,,,,,,
blake3-servil-st,102400,82,2,200,106,212,4091151,,,,,,
blake3-servil-st,102400,83,2,200,106,212,4094064,,,,,,
blake3-servil-st,102400,84,2,200,106,212,4091006,,,,,,
blake3-servil-st,102400,85,2,200,106,212,4090023,,,,,,
blake3-servil-st,102400,86,2,200,106,212,4090452,,,,,,
blake3-servil-st,102400,87,2,200,106,212,4090506,,,,,,
blake3-servil-st,102400,88,2,200,106,212,4090965,,,,,,
blake3-servil-st,102400,89,2,200,106,212,4089921,,,,,,
blake3-servil-st,102400,90,2,200,106,212,4104579,,,,,,
blake3-servil-st,102400,91,2,200,106,212,4071122,,,,,,
blake3-servil-st,102400,92,2,200,106,212,4021313,,,,,,
blake3-servil-st,102400,93,2,200,106,212,4063394,,,,,,
blake3-servil-st,102400,94,2,200,106,212,4074408,,,,,,
blake3-servil-st,102400,95,2,200,106,212,4014679,,,,,,
blake3-servil-st,102400,96,2,200,106,212,4016745,,,,,,
blake3-servil-st,102400,97,2,200,106,212,4457910,,,,,,
blake3-servil-st,102400,98,2,200,106,212,4034517,,,,,,
blake3-servil-st,102400,99,2,200,106,212,4078203,,,,,,
blake3-servil-st,102400,100,2,200,106,212,4059600,,,,,,
blake3-servil-st,102400,101,2,200,106,212,4012429,,,,,,
blake3-servil-st,102400,102,2,200,106,212,4332905,,,,,,
blake3-servil-st,102400,103,2,200,106,212,4013382,,,,,,
blake3-servil-st,102400,104,2,200,106,212,4009127,,,,,,
blake3-servil-st,102400,105,2,200,106,212,4008581,,,,,,
blake3-servil-st,102400,106,2,200,106,212,4008084,,,,,,
blake3-servil-st,102400,107,2,200,106,212,4008878,,,,,,
blake3-servil-st,102400,108,2,200,106,212,4007081,,,,,,
blake3-servil-st,102400,109,2,200,106,212,4012162,,,,,,
blake3-servil-st,102400,110,2,200,106,212,4015742,,,,,,
blake3-servil-st,102400,111,2,200,106,212,4020240,,,,,,
blake3-servil-st,102400,112,2,200,106,212,4021248,,,,,,
blake3-servil-st,102400,113,2,200,106,212,4011153,,,,,,
blake3-servil-st,102400,114,2,200,106,212,4009892,,,,,,
blake3-servil-st,102400,115,2,200,106,212,4010109,,,,,,
blake3-servil-st,102400,116,2,200,106,212,4014336,,,,,,
blake3-servil-st,102400,117,2,200,106,212,4009288,,,,,,
blake3-servil-st,102400,118,2,200,106,212,4010005,,,,,,
blake3-servil-st,102400,119,2,200,106,212,4011055,,,,,,
blake3-servil-st,102400,120,2,200,106,212,4009600,,,,,,
blake3-servil-st,102400,121,2,200,106,212,4009114,,,,,,
blake3-servil-st,102400,122,2,200,106,212,4010437,,,,,,
blake3-servil-st,102400,123,2,200,106,212,4008037,,,,,,
blake3-servil-st,102400,124,2,200,106,212,4007939,,,,,,
blake3-servil-st,102400,125,2,200,106,212,4008656,,,,,,
blake3-servil-st,102400,126,2,200,106,212,4015930,,,,,,
blake3-servil-st,102400,127,2,200,106,212,4008497,,,,,,
