contender,length,factor,calls_per_batch,measured_batches,completed_including_calibration
sha256,64,1,21780,128,2809620
sha256,2048,1,2186,128,281994
sha256,102400,1,47,128,6063
blake3-servil-st,64,2,18337,128,4730946
blake3-servil-st,2048,2,1285,128,331530
blake3-servil-st,102400,2,54,128,13932
